animal_id	load..N.
1	162
2	165
3	255
4	215
7	181
8	148
9	167
10	166
11	168
12	177
13	156
14	143
15	178
16	167
17	158
18	167
19	155
20	136
21	177
22	324
23	167
24	178
25	167
26	147
27	167
29	116
30	199
31	170
32	145
33	140
34	258
35	151
36	168
37	149
38	172
39	143
40	104
42	102
43	128
44	172
45	151
48	146
49	137
50	162
51	143
52	111
53	151
54	265
55	186
56	149
57	233
58	136
59	144
60	107
61	172
63	151
64	125
65	185
66	158
67	234
68	160
69	116
70	139
73	167
74	157
76	106
77	148
79	192
80	145
81	206
82	216
83	149
84	143
86	278
87	128
88	159
89	134
90	139
91	141
92	253
93	175
95	186
96	138
97	131
98	155
101	127
102	220
104	148
105	170
106	148
107	186
108	148
109	191
110	141
111	145
112	146
113	219
114	148
115	144
116	148
118	240
120	141
121	121
122	172
123	146
124	123
125	148
127	138
128	166
129	93
131	131
132	141
133	116
136	154
137	212
138	143
139	185
142	153
144	140
145	127
146	162
147	187
148	126
149	121
150	101
152	180
154	185
155	126
156	200
157	153
158	168
160	204
161	134
162	177
163	128
164	150
166	202
167	142
168	157
172	105
173	178
174	148
175	173
176	228
177	183
182	181
184	151
185	173
186	164
189	152
191	161
192	149
193	137
194	148
196	199
198	135
199	107
200	168
201	144
202	105
203	73
204	137
205	156
207	159
208	171
209	155
211	107
215	157
216	181
219	109
220	152
221	153
223	120
225	140
226	201
227	122
228	132
229	148
231	109
233	154
234	123
235	131
238	111
239	189
240	131
242	153
243	110
244	176
246	131
247	113
248	138
249	209
250	117
251	188
252	146
253	161
255	155
256	134
257	155
260	131
261	174
262	142
263	125
264	175
265	134
266	156
267	160
268	219
269	194
274	204
275	146
276	166
277	101
278	178
279	201
281	140
282	113
283	221
286	121
289	113
290	220
291	144
292	147
293	121
294	152
295	141
297	154
298	158
299	155
300	114
301	104
303	149
304	148
307	163
309	150
310	169
311	181
312	121
313	145
314	137
315	165
316	159
317	133
318	131
319	133
320	94
321	177
322	157
323	150
324	134
325	122
326	137
327	166
328	120
330	127
331	129
332	162
333	107
334	109
335	136
336	132
337	124
338	123
339	151
341	162
343	135
344	158
345	148
346	147
349	205
350	258
351	100
352	180
354	148
356	181
357	218
358	171
359	142
360	136
361	130
362	129
363	120
365	160
366	117
367	87
368	109
369	160
370	216
371	110
373	166
374	130
375	105
377	139
378	146
381	117
382	134
383	141
384	131
385	116
386	130
387	138
389	110
390	174
391	176
392	162
393	221
395	134
397	231
398	125
399	134
400	103
401	138
402	150
405	145
407	164
408	124
409	136
412	106
413	154
414	181
417	149
418	127
421	171
422	128
423	136
424	147
425	142
426	131
435	157
438	157
439	145
440	102
441	121
443	130
445	156
447	125
448	137
449	108
451	131
452	106
453	161
454	124
455	126
456	151
457	115
458	113
460	142
461	113
462	140
463	92
465	168
466	147
467	137
468	131
471	166
472	138
473	154
474	136
475	100
476	114
477	87
478	112
479	146
480	177
481	97
482	128
483	149
484	116
485	96
486	99
487	160
489	156
490	133
491	156
492	141
493	153
494	142
497	158
498	130
499	176
500	116
501	217
502	129
503	136
504	377
505	112
506	201
509	178
510	91
511	157
513	147
514	154
518	141
521	177
523	93
524	136
525	90
526	144
527	227
531	140
532	152
533	193
535	136
536	143
537	140
540	126
541	150
542	174
544	130
545	164
546	149
549	151
551	148
554	103
555	117
557	113
558	127
560	94
562	137
563	122
567	147
568	196
569	100
570	102
572	114
573	126
574	139
575	140
576	155
577	130
578	143
579	167
580	117
581	166
582	167
584	138
585	167
586	221
587	164
588	136
590	97
592	153
593	140
596	154
598	158
599	135
600	178
601	164
603	147
605	137
608	145
609	115
610	124
611	183
612	123
613	127
614	181
615	167
616	154
617	157
618	155
621	106
622	154
623	159
624	141
625	156
626	145
627	156
628	177
629	158
630	154
631	116
632	153
633	130
634	113
636	153
637	157
639	103
643	189
644	116
645	130
646	133
647	155
650	156
652	164
653	189
654	165
655	120
656	168
658	187
660	143
661	198
1003	195
1004	204
1006	195
1007	256
1008	204
1009	303
1010	240
1011	200
1012	247
1013	243
1014	259
1015	209
1016	244
1017	191
1019	191
1020	153
1022	149
1023	176
1026	214
1027	189
1030	186
1031	176
1032	325
1033	204
1035	289
1037	170
1038	176
1039	239
1042	244
1043	247
1044	234
1045	250
1046	209
1047	211
1048	181
1049	173
1050	227
1052	268
1054	168
1055	220
1056	178
1059	206
1061	178
1062	239
1063	197
1064	130
1065	201
1066	190
1067	170
1069	148
1070	292
1071	172
1072	241
1073	200
1074	234
1075	193
1076	260
1078	186
1079	212
1080	148
1082	242
1083	187
1084	304
1085	149
1086	160
1087	230
1088	270
1089	282
1090	229
1091	163
1093	216
1095	259
1098	187
1099	243
1101	181
1102	144
1105	172
1108	146
1110	262
1115	421
1116	203
1117	190
1118	117
1120	205
1122	186
1123	152
1124	136
1125	251
1126	201
1129	183
1132	191
1135	185
1136	200
1138	173
1139	216
1141	205
1142	151
1143	198
1146	268
1147	252
1148	218
1150	179
1151	256
1152	252
1153	161
1156	239
1159	200
1160	282
1162	186
1163	206
1164	171
1165	207
1167	220
1168	226
1169	252
1170	174
1171	166
1172	195
1174	240
1175	185
1178	133
1179	208
1180	171
1181	195
1182	252
1183	323
1185	225
1188	236
1189	140
1191	281
1192	174
1193	193
1194	182
1195	349
1196	179
1197	201
1200	208
1201	317
1202	220
1203	203
1204	273
1206	198
1208	193
1209	277
1211	317
1213	206
1214	213
1216	344
1217	306
1219	171
1220	217
1221	206
1222	202
1223	192
1224	151
1225	227
1226	142
1229	205
1230	163
1231	245
1232	315
1234	271
1235	320
1236	197
1237	136
1242	140
1244	137
1245	251
1246	255
1247	185
1248	202
1249	195
1250	198
1251	288
1252	157
1254	206
1256	293
1257	242
1258	181
1260	226
1261	215
1262	211
1263	140
1264	193
1265	201
1267	184
1270	134
1271	269
1273	143
1274	187
1275	165
1276	221
1277	234
1278	253
1279	295
1281	173
1282	175
1283	156
1286	172
1287	177
1288	192
1290	205
1291	141
1293	245
1294	218
1296	153
1298	224
1299	160
1300	210
1301	182
1302	241
1303	176
1305	138
1306	214
1307	179
1308	129
1309	172
1310	255
1311	168
1312	306
1313	139
1314	256
1315	214
1316	262
1317	177
1318	243
1319	251
1321	137
1322	205
1323	184
1324	195
1325	185
1326	238
1327	171
1330	230
1332	179
1334	133
1336	203
1337	190
1341	211
1342	182
1343	161
1344	156
1345	179
1346	162
1347	234
1348	210
1349	256
1351	227
1352	203
1354	208
1355	211
1356	337
1359	155
1360	369
1361	202
1362	283
1364	181
1365	211
1366	217
1370	219
1371	188
1372	202
1373	214
1374	204
1375	315
1381	200
1382	154
1383	281
1386	183
1389	149
1390	225
1391	372
1393	159
1394	192
1395	157
1397	183
1398	234
1399	188
1400	181
1401	172
1402	221
1403	128
1405	179
1406	163
1407	220
1410	196
1411	222
1412	189
1415	203
1416	185
1418	176
1419	195
1420	167
1421	183
1422	160
1423	239
1424	204
1425	201
1427	186
1428	203
1429	155
1431	190
1433	169
1434	357
1435	349
1438	196
1439	187
1440	181
1441	283
1443	225
1444	192
1445	181
1446	199
1447	221
1448	179
1451	203
1452	227
1453	194
1454	197
1456	202
1459	324
1460	260
1461	270
1462	222
1463	197
1466	182
1467	218
1468	176
1469	134
1471	152
1473	142
1474	257
1476	213
1477	188
1483	185
1484	173
1485	170
1486	173
1487	210
1488	191
1489	130
1490	272
1491	157
1492	250
1493	174
1494	260
1495	182
1496	182
1498	191
1499	231
1500	366
1501	194
1503	238
1504	221
1505	170
1506	203
1507	202
1510	467
1511	203
1512	266
1516	168
1517	228
1518	214
1522	154
1524	178
1526	109
1527	202
1528	169
1529	214
1530	173
1531	188
1532	229
1533	180
1534	211
1535	265
1536	331
1537	140
1538	227
1539	194
1540	146
1541	157
1543	131
1544	179
1545	337
1546	144
1547	213
1550	208
1555	188
1556	184
1558	183
1559	190
1560	126
1564	410
1565	206
1567	179
1569	248
1572	182
1573	230
1574	400
1575	196
1576	189
1577	215
1578	248
1579	173
1580	202
1581	172
1582	181
1584	150
1585	154
1586	223
1587	249
1588	206
1589	251
1590	240
1591	200
1592	390
1595	214
1596	422
1597	236
1600	338
1602	198
1603	267
1605	230
1606	297
1607	180
1608	188
1609	174
1610	206
1612	229
1613	224
1614	207
1615	213
1616	254
1617	237
1618	243
1619	324
1622	137
1624	214
1625	218
1627	232
1628	231
