animal_id	WaterLost_CB	OMLost_CB	CO2Lost_CB	Phosphates_CB	Mineral_CB	Phosphates/OM_CB	CO3/Phosphates_CB	WaterLost_MB	OMLost_MB	CO2Lost_MB	Phosphates_MB	Mineral_MB	Phosphates/OM_MB	CO3/Phosphates_MB
1	8.63895	24.55101	4.44988	62.36015	66.81004	2.54002	10.70367	8.789	50.81084	2.87333	37.52684	40.40016	0.73856	11.48509
2	7.91814	24.5069	4.60609	62.96887	67.57496	2.56943	10.9723	9.35694	62.18942	2.22697	26.22667	28.45364	0.42172	12.73684
3	8.46886	24.04613	4.6905	62.79451	67.485	2.61142	11.20439	9.04156	37.37897	4.43032	49.14914	53.57946	1.31489	13.52104
4	9.16183	22.86665	3.74364	64.22788	67.97152	2.8088	8.74302	9.89173	39.99098	2.7609	47.35639	50.11729	1.18418	8.74508
7	8.97207	23.26652	4.61241	63.149	67.76141	2.71416	10.95602							
8	8.01107	23.94785	4.43105	63.61003	68.04108	2.65619	10.44894	8.38965	57.09916	2.30715	32.20403	34.51119	0.564	10.74627
9	10.90999	20.30538	7.99163	60.79301	68.78463	2.99394	19.71845							
10	8.33682	24.36046	4.59929	62.70343	67.30272	2.57398	11.00247	8.34753	53.03805	3.97501	34.63941	38.61442	0.6531	17.21311
11	9.93625	22.12042	4.89844	63.04488	67.94332	2.85008	11.65466							
12	8.72709	24.46161	4.09113	62.72016	66.81129	2.56402	9.78426							
13	8.49108	22.67872	5.27978	63.55042	68.8302	2.80221	12.46203	9.83291	55.86142	1.92278	32.38289	34.30567	0.5797	8.90647
14	8.32065	24.44898	4.1951	63.03526	67.23036	2.57824	9.98276	9.14009	51.80944	2.07	36.98047	39.05047	0.71378	8.39631
15	9.25907	21.96614	4.72953	64.04526	68.77479	2.91564	11.077							
16	8.23306	24.55392	4.15917	63.05384	67.21301	2.56797	9.89432	9.97563	45.3273	2.76114	41.93593	44.69708	0.92518	9.87629
17	--	--	--	--	--	--	--	8.07255	67.1436	1.53651	23.24735	24.78385	0.34623	9.9141
18	9.20012	22.46336	4.80903	63.52749	68.33652	2.82805	11.35499							
19	8.76673	22.79692	5.33466	63.10168	68.43634	2.76799	12.68111							
20	8.45895	25.16951	3.86548	62.50605	66.37153	2.4834	9.27625	9.10868	36.44655	4.83861	49.60616	54.44477	1.36107	14.63109
21	8.15083	23.39799	4.31528	64.1359	68.45118	2.74109	10.09251	9.81419	52.02996	2.7339	35.42195	38.15585	0.6808	11.57712
22	10.66652	22.22852	4.71548	62.38948	67.10496	2.80673	11.33721							
23	8.80634	23.79257	4.00349	63.3976	67.40109	2.6646	9.47235	9.43092	51.00788	2.18433	37.37688	39.56121	0.73277	8.76611
24	8.81316	22.81493	2.61795	65.75396	68.37191	2.88206	5.97214							
25	9.35073	23.16785	5.00253	62.47889	67.48143	2.69679	12.01014							
26	10.0781	21.33575	4.84786	63.73829	68.58615	2.98739	11.40882							
27	8.42361	24.62788	3.8627	63.08581	66.94851	2.56156	9.1844	9.36772	50.21214	2.22228	38.19786	40.42014	0.76073	8.72672
29	8.07519	25.17074	4.09997	62.65409	66.75407	2.48916	9.81573	8.48886	56.70019	4.662	30.14895	34.81095	0.53173	23.19483
30	9.81773	22.21053	4.9809	62.99083	67.97173	2.83608	11.86102	8.53471	60.53186	2.83063	28.1028	30.93343	0.46426	15.1086
31	8.77786	24.27128	4.08081	62.87005	66.95086	2.59031	9.7363							
32	10.54316	22.83838	4.58759	62.03087	66.61846	2.71608	11.09349							
33	--	--	--	--	--	--	--	8.96463	57.7283	3.33957	29.96749	33.30706	0.51911	16.71598
34	8.47017	22.5694	5.1073	63.85312	68.96043	2.82919	11.99778							
35	9.1401	23.28108	3.35696	64.22186	67.57881	2.75854	7.84069	8.19165	64.45789	1.46009	25.89036	27.35046	0.40166	8.45929
36	10.15993	22.11075	4.81918	62.91014	67.72932	2.84523	11.49063							
37	8.9835	22.96547	5.65798	62.39305	68.05103	2.71682	13.60242							
38	7.70408	24.66211	4.42014	63.21367	67.63381	2.56319	10.48857	8.07249	64.37229	2.9866	24.56862	27.55522	0.38166	18.23421
39	8.51073	25.26685	4.3717	61.85073	66.22242	2.4479	10.60221	7.84811	63.6291	2.53613	25.98666	28.52279	0.40841	14.63904
40	10.87751	21.97915	4.79211	62.35123	67.14334	2.83683	11.52851							
42	8.71129	24.56529	4.50569	62.21773	66.72342	2.53275	10.86272							
43	8.78487	24.44295	4.19016	62.58201	66.77217	2.56033	10.04321	9.75342	43.88252	3.86053	42.50353	46.36406	0.96858	13.62427
44	9.2025	22.64578	5.31747	62.83426	68.15173	2.77466	12.69404	8.70324	45.75268	3.58047	41.96361	45.54408	0.91718	12.79847
45	8.13398	24.1434	4.12017	63.60245	67.72262	2.63436	9.71701	8.23558	61.16187	2.29041	28.31214	30.60254	0.46291	12.13476
48	8.59047	25.60156	4.34413	61.46383	65.80796	2.40078	10.60168	7.83852	59.90268	2.85106	29.40774	32.2588	0.49093	14.5424
49	11.00146	22.23441	6.35356	60.41058	66.76413	2.71699	15.77594							
50	8.19467	24.18668	4.11599	63.50266	67.61865	2.62552	9.72241	9.65383	61.54829	1.96349	26.83438	28.79787	0.43599	10.97561
51	8.34301	24.71379	4.0125	62.9307	66.9432	2.54638	9.56409	9.33773	55.08867	2.5973	32.9763	35.5736	0.5986	11.8144
52	10.5762	22.34365	4.8116	62.26855	67.08015	2.78686	11.59077							
53	8.74252	24.21867	4.36426	62.67455	67.03881	2.58786	10.44505	8.68514	52.72466	1.79818	36.79202	38.59021	0.69781	7.33114
54	9.30661	21.79075	5.08439	63.81825	68.90264	2.92869	11.95048							
55	9.29086	24.44009	3.81299	62.45605	66.26904	2.55548	9.15763	9.16886	64.12021	2.36278	24.34815	26.71093	0.37973	14.55619
56	8.66594	22.26019	5.38098	63.69289	69.07387	2.86129	12.67249	8.51514	46.88543	3.19206	41.40737	44.59943	0.88316	11.56338
57	9.32031	23.11971	3.96818	63.5918	67.55998	2.75055	9.36013	9.03584	57.05836	2.26965	31.63614	33.90579	0.55445	10.76135
58	9.77711	21.93875	5.2693	63.01484	68.28414	2.87231	12.543							
59	10.59827	22.10726	4.67546	62.619	67.29447	2.83251	11.19979							
60	8.95368	24.47704	3.92661	62.64267	66.56928	2.55924	9.4024	8.6372	52.61097	2.71239	36.03944	38.75183	0.68502	11.28927
61	9.06863	24.00356	4.2345	62.6933	66.9278	2.61183	10.13147	9.29636	49.88467	2.34288	38.47609	40.81897	0.7713	9.13377
63	10.62349	21.15885	5.76338	62.45429	68.21767	2.95169	13.84225	--	--	--	--	--	--	--
64	8.4951	24.16541	3.83859	63.5009	67.33949	2.62776	9.06741	8.25125	55.78319	2.74104	33.22452	35.96555	0.5956	12.37506
65	7.86095	24.64915	4.11218	63.37772	67.4899	2.57119	9.73254	8.74199	47.57717	4.09435	39.58649	43.68084	0.83205	15.5142
66	8.59653	21.33871	5.16216	64.9026	70.06476	3.04154	11.93056							
67	8.53779	24.43184	4.33773	62.69264	67.03037	2.56602	10.37856	8.74028	48.25088	3.04365	39.9652	43.00884	0.82828	11.42362
68	10.66318	21.79859	4.38098	63.15725	67.53823	2.89731	10.40493							
69	8.42253	24.03883	4.39682	63.14182	67.53864	2.62666	10.44511	9.31814	37.28076	3.15465	50.24646	53.40111	1.34779	9.41754
70	10.34467	23.11858	4.71345	61.82329	66.53674	2.67418	11.43611							
73	9.49291	22.14072	4.83579	63.53057	68.36636	2.8694	11.41763							
74	8.43982	23.79174	4.47496	63.29349	67.76845	2.66031	10.60526	8.47539	63.12929	1.88489	26.51043	28.39532	0.41994	10.665
75	8.83213	23.7132	4.84012	62.61454	67.45467	2.64049	11.59505							
76	8.36126	25.56916	4.30553	61.76405	66.06958	2.41557	10.4564	9.89486	48.49299	3.87461	37.73754	41.61215	0.77821	15.40089
77	9.04993	23.87807	3.81518	63.25681	67.072	2.64916	9.04689							
79	9.44221	21.79707	5.2368	63.52392	68.76072	2.91433	12.36574	9.97984	44.0877	2.70161	43.23085	45.93246	0.98056	9.37391
80	9.20056	23.8427	3.61303	63.34371	66.95674	2.65673	8.55578	8.6265	61.79769	1.62604	27.94977	29.5758	0.45228	8.72658
81	8.64169	24.54376	4.01818	62.79638	66.81456	2.55855	9.59811	9.20572	57.5108	2.13111	31.15238	33.28348	0.54168	10.26137
82	10.6791	22.44603	4.63634	62.23852	66.87487	2.77281	11.17397							
83	8.4192	24.98655	4.012	62.58225	66.59425	2.50464	9.61615	10.19015	31.20016	3.81108	54.79861	58.60969	1.75636	10.43206
84	10.56811	22.33683	4.04116	63.0539	67.09506	2.82287	9.61359							
86	9.38102	23.23497	3.67014	63.71386	67.384	2.74215	8.64053	8.24957	54.94433	2.48956	34.31653	36.80609	0.62457	10.88205
87	7.9393	23.54963	5.65476	62.8563	68.51107	2.6691	13.4945	8.92718	62.11127	2.223	26.73855	28.96156	0.43049	12.47078
88	9.90508	22.41288	4.86825	62.81379	67.68204	2.80258	11.62543							
90	10.14056	22.16452	5.26589	62.42903	67.69492	2.81662	12.65251							
91	8.30603	23.81689	4.10599	63.77108	67.87708	2.67756	9.65797	8.81134	40.20949	3.45504	47.52414	50.97918	1.18191	10.9051
92	10.3148	21.90483	4.85317	62.9272	67.78037	2.87275	11.56853							
93	8.05931	23.94318	4.30753	63.68999	67.99751	2.66005	10.1449	9.22544	56.8143	2.15243	31.80783	33.96026	0.55986	10.15047
95	8.36377	23.60685	3.86741	64.16196	68.02938	2.71794	9.04137	8.98267	51.75803	3.55912	35.70017	39.2593	0.68975	14.95423
96	8.81304	22.68287	5.50839	62.9957	68.50409	2.77724	13.11612	9.37635	55.16059	2.11436	33.3487	35.46306	0.60457	9.51024
97	8.57658	24.64878	3.76427	63.01038	66.77465	2.55633	8.96107	8.81627	52.81853	2.03502	36.33019	38.36521	0.68783	8.40219
98	9.12229	23.85643	4.02317	62.9981	67.02128	2.64072	9.57927	8.14979	61.59229	1.88133	28.37658	30.25791	0.46072	9.94481
101	8.57386	24.99322	4.13692	62.296	66.43292	2.49252	9.96112	8.28237	53.32572	2.53065	35.86126	38.39191	0.67249	10.58516
102	8.73544	23.80853	4.34692	63.1091	67.45603	2.65069	10.33192	8.16263	60.08516	1.92902	29.82319	31.75221	0.49635	9.70227
104	--	--	--	--	--	--	--	8.46324	62.65458	2.05438	26.82779	28.88218	0.42819	11.48649
105	8.65136	23.60187	4.13329	63.61348	67.74678	2.69527	9.74626	8.27065	61.13266	1.90238	28.6943	30.59669	0.46938	9.94475
106	8.28155	24.78123	4.39231	62.54492	66.93722	2.52388	10.53396	8.49655	54.68242	2.69209	34.12894	36.82103	0.62413	11.83202
107	8.7379	24.52962	3.95858	62.77391	66.73248	2.55911	9.45913	8.53223	60.42678	2.24177	28.79922	31.04099	0.4766	11.67623
108	7.98465	25.06482	4.44608	62.50445	66.95053	2.49371	10.66984	9.20731	35.78594	3.6552	51.35155	55.00675	1.43496	10.67699
109	9.32759	23.69934	4.09957	62.8735	66.97308	2.65296	9.78053	8.68971	58.50345	2.02652	30.78031	32.80683	0.52613	9.87575
110	8.55862	23.91219	4.05231	63.47688	67.52919	2.65458	9.57588	8.65284	50.50921	2.41501	38.42294	40.83795	0.76071	9.42799
111	8.32105	24.43689	4.20714	63.03491	67.24205	2.5795	10.01145	9.06591	54.16194	2.37014	34.40201	36.77215	0.63517	10.33433
112	9.03356	24.51322	3.95352	62.4997	66.45322	2.54963	9.48848	9.49999	34.15304	3.51048	52.83649	56.34698	1.54705	9.96607
113	8.52304	24.41849	4.35203	62.70644	67.05847	2.56799	10.41049	9.06722	49.44264	2.6907	38.79944	41.49013	0.78474	10.40233
114	9.07445	23.88905	4.12457	62.91192	67.0365	2.6335	9.83416	8.62997	56.45661	2.30793	32.60549	34.91342	0.57753	10.61751
115	9.06299	25.1599	3.76892	62.0082	65.77712	2.46457	9.11714	8.66242	49.24057	2.88421	39.2128	42.09701	0.79635	11.0329
116	8.79191	24.23453	4.38535	62.58821	66.97356	2.5826	10.51002	9.06013	33.13123	3.71099	54.09765	57.80864	1.63283	10.2897
118	8.85599	23.78889	3.89658	63.45855	67.35512	2.66757	9.21053	8.83094	55.20559	2.34191	33.62155	35.96346	0.60902	10.44824
120	--	--	--	--	--	--	--	8.73066	61.44268	2.24418	27.58248	29.82665	0.44891	12.20435
121	8.23468	24.84907	3.92931	62.98695	66.91625	2.53478	9.35743	8.78356	46.0905	2.70427	42.42167	45.12594	0.9204	9.56211
122	8.88201	24.21497	3.69912	63.2039	66.90302	2.61012	8.77901	9.12658	49.42086	2.18261	39.26995	41.45256	0.7946	8.33694
123	8.86749	24.31119	3.75752	63.06379	66.82132	2.59402	8.93743	9.62245	54.131	2.34792	33.89862	36.24655	0.62623	10.38946
124	9.0324	24.45905	3.33999	63.16855	66.50854	2.58262	7.93114	8.42627	57.26034	2.98524	31.32815	34.31339	0.54712	14.29342
125	9.63044	24.81445	3.37565	62.17945	65.5551	2.50578	8.14332	8.49482	59.1094	2.63331	29.76248	32.39578	0.50352	13.2716
127	9.26113	25.83783	3.56219	61.33884	64.90103	2.37399	8.7111	8.0819	57.22387	2.23897	32.45526	34.69423	0.56716	10.34796
128	8.79648	24.03274	3.84127	63.3295	67.17078	2.63513	9.09831	9.09544	52.85825	2.1243	35.92201	38.04631	0.67959	8.87047
129	8.58457	24.48258	4.00293	62.92992	66.93285	2.5704	9.5414	8.26949	59.19589	1.83071	30.70392	32.53463	0.51868	8.94367
131	9.23809	24.1973	3.80849	62.75612	66.5646	2.59352	9.10306	9.14422	54.98689	2.40225	33.46664	35.86889	0.60863	10.76706
132	8.8511	25.14991	3.96321	62.03578	65.99899	2.46664	9.58289	7.96553	61.89594	2.00011	28.13842	30.13853	0.45461	10.66215
133	8.82902	24.08719	4.00057	63.08322	67.08379	2.61895	9.51261	8.41311	59.40611	1.9098	30.27099	32.18079	0.50956	9.4635
136	8.81331	23.56723	3.55326	64.06619	67.61946	2.71844	8.31936	9.50492	39.10867	3.33518	48.05123	51.38641	1.22866	10.41131
137	9.43078	23.55585	3.72168	63.2917	67.01338	2.68688	8.82029	8.38925	61.35791	2.3217	27.93114	30.25284	0.45522	12.46832
138	9.56792	24.97675	3.52314	61.93218	65.45533	2.47959	8.53306	9.29669	42.55132	3.09155	45.06045	48.152	1.05897	10.29134
139	9.1483	23.93178	3.99158	62.92834	66.91992	2.62949	9.51459	9.27475	43.38221	3.0555	44.28754	47.34304	1.02087	10.34885
142	8.69378	23.6433	4.15902	63.5039	67.66292	2.68592	9.82385	8.28563	67.0136	2.15226	22.54851	24.70077	0.33648	14.31751
144	9.18152	23.54332	3.90158	63.37358	67.27516	2.69179	9.23471	8.77358	54.17453	2.47904	34.57285	37.05189	0.63818	10.7557
145	9.45976	24.00368	3.46568	63.07088	66.53656	2.62755	8.24234	9.25272	47.01166	2.55486	41.18076	43.73561	0.87597	9.30601
146	9.26789	24.42876	3.73276	62.57058	66.30335	2.56135	8.94853	9.70178	35.9529	3.52617	50.81915	54.34532	1.41349	10.40801
147	9.62499	24.56418	3.30319	62.50764	65.81083	2.54467	7.92669	8.81114	46.5355	2.56897	42.08439	44.65336	0.90435	9.15649
148	8.45194	24.12141	4.10391	63.32274	67.42665	2.62517	9.72141	8.5733	53.64511	3.13844	34.64314	37.78158	0.64578	13.58902
149	9.20887	23.73392	3.41637	63.64084	67.05721	2.68143	8.05231	9.00438	56.02564	2.04243	32.92756	34.96999	0.58772	9.30418
150	9.44573	23.63265	3.72223	63.19939	66.92163	2.67424	8.8345	8.84007	54.92794	2.51318	33.7188	36.23199	0.61387	11.18003
152	--	--	--	--	--	--	--	8.51405	64.99736	1.70907	24.77952	26.48859	0.38124	10.34564
154	9.00596	24.35655	3.87964	62.75785	66.63749	2.57663	9.27287	9.65602	43.33379	2.93406	44.07614	47.0102	1.01713	9.98519
155	9.37493	23.22888	3.7333	63.66289	67.39619	2.74068	8.79625	9.67829	31.75361	3.69166	54.87645	58.5681	1.7282	10.09082
156	9.19046	23.77785	3.59866	63.43303	67.03169	2.66774	8.50975	8.84229	50.96826	3.1435	37.04595	40.18945	0.72684	12.72812
157	9.28273	24.00899	3.58949	63.1188	66.70828	2.62897	8.53031	8.86485	53.55881	2.24291	35.33342	37.57634	0.65971	9.52178
158	8.5949	23.9092	3.80702	63.68889	67.4959	2.66378	8.96629	9.47223	39.38293	3.02361	48.12123	51.14484	1.22188	9.42498
160	9.05421	24.24692	4.18895	62.50992	66.69887	2.57806	10.05189	9.55207	44.29286	2.14188	44.01319	46.15507	0.99369	7.29968
161	8.62164	23.80495	3.9783	63.59511	67.57341	2.67151	9.38349	8.55253	54.95749	2.47377	34.01621	36.48998	0.61895	10.90849
162	9.28455	24.3122	3.70683	62.69641	66.40325	2.5788	8.86853	8.51473	56.31507	2.7782	32.392	35.1702	0.57519	12.86522
163	8.90451	24.56322	3.64933	62.88294	66.53227	2.56004	8.70506	7.98004	67.37486	1.81555	22.82955	24.6451	0.33884	11.92893
164	--	--	--	--	--	--	--	9.41353	35.61575	3.62207	51.34864	54.97072	1.44174	10.58082
166	8.96665	25.28677	3.97015	61.77643	65.74658	2.44303	9.63997	9.14083	61.23718	2.11759	27.5044	29.62199	0.44915	11.54864
167	8.96136	25.4965	3.87478	61.66735	65.54213	2.41866	9.42504	9.11697	49.06832	2.47579	39.33892	41.81471	0.80172	9.44021
168	8.54115	24.07867	3.96792	63.41226	67.38018	2.63354	9.38601	18.17963	60.32003	2.31377	19.18657	21.50034	0.31808	18.08899
170	9.21397	24.74207	3.62891	62.41505	66.04397	2.52263	8.72124	8.74955	55.27579	2.42464	33.55002	35.97466	0.60696	10.84042
172	9.1812	24.40791	3.51437	62.89653	66.4109	2.57689	8.3813	9.37752	52.13585	2.32889	36.15774	38.48663	0.69353	9.66139
173	9.61898	25.46015	3.29673	61.62414	64.92087	2.42042	8.02461	8.26576	56.11671	2.26623	33.3513	35.61753	0.59432	10.19254
174	9.36936	24.52607	3.52855	62.57602	66.10456	2.55141	8.45823	8.60621	49.91004	2.90872	38.57503	41.48375	0.77289	11.31063
175	8.31488	25.05937	4.24016	62.38559	66.62575	2.48951	10.19505	10.22075	40.9631	3.64057	45.17558	48.81615	1.10284	12.08807
176	10.50722	22.59422	5.67806	61.2205	66.89856	2.70956	13.91214	8.933	58.37936	2.35065	30.33699	32.68764	0.51965	11.62269
177	10.14748	24.64067	5.42886	59.783	65.21185	2.42619	13.6214	9.82763	38.12709	5.01672	47.02856	52.04528	1.23347	16.00109
182	10.16106	22.75506	6.90341	60.18047	67.08388	2.64471	17.20677	10.81908	39.86226	3.90853	45.41013	49.31866	1.13918	12.91075
184	10.15497	24.00399	5.36562	60.47543	65.84104	2.51939	13.30859	9.75054	50.48829	3.43065	36.33052	39.76117	0.71958	14.16435
185	10.14894	23.29765	5.77147	60.78194	66.55341	2.60893	14.24305	8.57088	55.91568	3.09805	32.41539	35.51344	0.57972	14.336
186	9.72861	23.32427	6.03741	60.90971	66.94712	2.61143	14.8681	8.66133	67.33881	2.08102	21.91884	23.99986	0.3255	14.24128
189	9.71456	24.1295	5.89063	60.26532	66.15594	2.49758	14.66174	9.54022	45.18222	3.73983	41.53773	45.27755	0.91934	13.50516
191	9.89329	23.29424	5.61226	61.20021	66.81247	2.62727	13.75548	10.23702	56.12207	2.17126	31.46964	33.64091	0.56074	10.34932
192	9.96886	23.00903	6.44728	60.57483	67.02211	2.63266	15.96524	--	--	--	--	--	--	--
193	9.37955	23.71375	5.38565	61.52106	66.90671	2.59432	13.13124	9.87799	57.80383	3.47647	28.8417	32.31817	0.49896	18.08043
194	10.58868	23.11645	5.30039	60.99448	66.29487	2.63857	13.03491	9.63722	47.80259	3.10927	39.45092	42.56019	0.82529	11.82205
196	10.27201	22.88794	5.40589	61.43416	66.84005	2.68413	13.19923	10.9142	49.01175	2.64814	37.42591	40.07404	0.76361	10.61351
198	10.19698	23.69843	5.60917	60.49542	66.10459	2.55272	13.90807	8.0983	65.45348	2.32885	24.11937	26.44822	0.3685	14.48326
199	9.24975	25.54835	4.638	60.56391	65.2019	2.37056	11.48703	9.66249	48.26207	3.11693	38.9585	42.07544	0.80723	12.00097
200	10.39731	23.71919	5.71589	60.16762	65.88351	2.53666	14.24991	9.07736	57.09329	2.65707	31.17228	33.82935	0.54599	12.78575
201	10.18597	23.71975	4.81946	61.27482	66.09428	2.58328	11.79798	8.53748	58.83856	2.62664	29.99732	32.62396	0.50982	13.13438
202	9.96266	23.90458	4.81133	61.32143	66.13276	2.56526	11.76912	9.7529	49.35379	3.53882	37.35449	40.89331	0.75687	14.2104
203	9.97391	22.65343	5.44369	61.92898	67.37266	2.73376	13.18531	9.5087	52.82497	3.45957	34.20676	37.66633	0.64755	15.17056
205	9.21754	23.03763	5.51602	62.22881	67.74484	2.70118	13.29615	8.87471	56.40424	2.85805	31.863	34.72105	0.5649	13.4547
207	10.51858	23.06516	5.49295	60.92331	66.41626	2.64136	13.52427	9.25844	48.96094	2.7692	39.01142	41.78062	0.79679	10.64765
208	9.63824	23.34916	5.42151	61.5911	67.0126	2.63783	13.20364	9.50012	46.52475	3.53026	40.44487	43.97513	0.86932	13.09284
209	10.1441	23.47977	5.79715	60.57898	66.37613	2.58005	14.35437	9.43752	49.49437	3.14311	37.925	41.06811	0.76625	12.43154
211	9.77875	23.52858	--	60.65629	66.69267	2.57798	14.92766	9.05311	62.35476	2.17892	26.41321	28.59213	0.4236	12.37406
215	10.24642	23.84222	4.58255	61.32881	65.91136	2.57228	11.20816	9.30424	44.42111	4.53798	41.73667	46.27465	0.93957	16.30934
216	10.63447	24.56241	4.25978	60.54333	64.80312	2.46488	10.55388	8.85963	59.05846	2.4724	29.6095	32.0819	0.50136	12.52503
219	9.99063	22.31045	5.62758	62.07134	67.69892	2.78216	13.59945	9.5649	57.2971	2.79762	30.34037	33.13799	0.52953	13.83119
220	9.91369	23.20934	5.38204	61.49493	66.87697	2.64958	13.128	9.35982	41.93673	2.92976	45.77369	48.70345	1.09149	9.60081
221	9.32404	24.25217	4.15825	62.26555	66.42379	2.56742	10.01737	7.80124	41.71543	2.72219	47.76115	50.48333	1.14493	8.54938
223	9.26154	24.24727	4.27531	62.21588	66.49119	2.56589	10.30761	7.98253	63.00507	2.02833	26.98406	29.0124	0.42828	11.27517
225	9.96004	23.58107	5.7399	60.719	66.4589	2.5749	14.17983	9.58893	45.8209	3.69634	40.89383	44.59017	0.89247	13.55829
226	9.76248	22.87055	5.00004	62.36692	67.36696	2.72695	12.0257	7.74682	65.83894	1.78657	24.62767	26.41424	0.37406	10.88149
227	9.20313	24.68101	4.45123	61.66463	66.11586	2.49846	10.82768	8.63423	54.12255	2.77291	34.47031	37.24322	0.63689	12.06651
228	8.40197	24.48526	4.81204	62.30074	67.11278	2.54442	11.58582	8.63912	55.82683	3.25532	32.27872	35.53405	0.57819	15.12755
229	8.13545	24.92499	4.24913	62.69042	66.93955	2.51516	10.16694	9.68101	55.16613	2.58366	32.56921	35.15286	0.59038	11.89922
231	10.02007	22.70794	5.31578	61.95621	67.27198	2.72839	12.86984	7.51592	71.90296	2.02305	18.55807	20.58112	0.2581	16.35179
233	8.52581	24.57371	3.92602	62.97445	66.90048	2.56268	9.35147	8.44345	55.69009	1.67467	34.19179	35.86646	0.61397	7.34679
234	10.56267	23.79229	5.42399	60.22104	65.64504	2.53112	13.51021	8.78032	57.38208	2.99528	30.84232	33.8376	0.53749	14.5674
235	8.19903	24.36709	4.07943	63.35445	67.43388	2.6	9.6586							
238	10.42146	23.98025	5.13739	60.4609	65.59828	2.52128	12.74556	9.20611	44.44101	4.17697	42.17591	46.35288	0.94903	14.85553
239	10.03156	23.78185	5.56032	60.62627	66.18658	2.54927	13.7572	9.43364	63.40222	2.17856	24.98558	27.16414	0.39408	13.07891
240	8.39068	25.025	4.17917	62.40515	66.58432	2.49371	10.04524	9.27346	40.40874	3.53953	46.77826	50.31779	1.15763	11.34993
242	8.53817	24.21343	4.07859	63.16982	67.2484	2.60888	9.68482	8.5127	63.10459	1.97273	26.40998	28.38271	0.41851	11.20448
243	10.3761	23.25902	4.84326	61.52161	66.36488	2.64506	11.80869	9.81425	33.19675	3.64083	53.34816	56.989	1.60703	10.237
244	8.08537	24.37334	4.4685	63.07279	67.54129	2.58778	10.62702	8.75238	58.74445	3.24001	29.26317	32.50317	0.49814	16.60794
246	10.28652	23.43559	6.48932	59.78857	66.27789	2.55119	16.28068	9.14228	55.63703	2.54668	32.67401	35.22069	0.58727	11.6913
247	8.44128	23.96075	4.33765	63.26032	67.59797	2.64016	10.28524							
248	10.49623	23.31861	5.669	60.51615	66.18516	2.59519	14.05163	9.30674	34.87828	3.347	52.46798	55.81498	1.50432	9.56869
249	8.70355	23.79409	3.91742	63.58494	67.50236	2.6723	9.24139	8.5439	55.57171	2.63588	33.2485	35.88438	0.5983	11.89174
250	9.31477	25.20943	3.90201	61.57379	65.47579	2.44249	9.50568	7.97182	63.09424	1.61704	27.3169	28.93394	0.43295	8.87934
251	8.39168	24.35252	3.97416	63.28164	67.2558	2.59857	9.42017	9.14768	34.58864	5.96112	50.30256	56.26368	1.45431	17.77579
252	10.644	23.36319	5.51065	60.48216	65.99281	2.58878	13.66681	9.14709	43.96021	3.20622	43.68648	46.8927	0.99377	11.00875
253	8.14109	25.94177	4.22283	61.69431	65.91714	2.37818	10.26714	8.80878	63.06313	2.15012	25.97797	28.12809	0.41194	12.41506
255	9.06012	25.1145	3.86133	61.96404	65.82538	2.46726	9.34736	9.48154	62.34292	2.11656	26.05898	28.17554	0.41799	12.18331
256	10.80848	24.42881	5.21415	59.54856	64.76271	2.43764	13.13419	9.32904	57.46855	2.53086	30.67155	33.20241	0.53371	12.37724
257	8.19809	25.09171	4.22966	62.48055	66.7102	2.49009	10.15434	9.06468	56.76401	2.62933	31.54197	34.17131	0.55567	12.50398
260	10.60047	23.1562	5.59718	60.64615	66.24333	2.619	13.84386	8.89259	53.66771	2.4546	34.9851	37.4397	0.65188	10.52418
261	8.41346	25.44319	4.54917	61.59418	66.14335	2.42085	11.07856	8.87879	63.79858	2.4363	24.88633	27.32264	0.39008	14.68459
262	10.10463	23.6535	5.98129	60.26058	66.24187	2.54764	14.88855							
263	9.78745	22.22166	7.09514	60.89575	67.99089	2.74038	17.47694	6.96708	61.44368	2.07686	29.51237	31.58924	0.48032	10.55588
264	12.05978	21.20342	5.57861	61.15819	66.7368	2.88436	13.6824	9.43562	50.54326	2.65253	37.36858	40.02111	0.73934	10.64744
265	--	--	--	--	--	--	--	6.97002	53.3955	2.84663	36.78785	39.63448	0.68897	11.60695
266	11.21457	23.70843	5.44852	59.62848	65.077	2.51508	13.70617	9.99334	49.22311	2.88559	37.89796	40.78355	0.76992	11.42116
267	9.58455	22.53227	6.11776	61.76543	67.88318	2.7412	14.85724	8.90425	44.18293	3.09738	43.81544	46.91282	0.99168	10.60374
268	9.17847	24.48264	3.97969	62.3592	66.33889	2.54708	9.57282	6.53418	80.20386	1.70259	11.55938	13.26197	0.14412	22.0936
269	10.06775	24.56517	4.76803	60.59905	65.36708	2.46687	11.80223	9.37649	48.46502	2.73283	39.42567	42.1585	0.81349	10.39738
274	--	--	--	--	--	--	--	10.01214	50.00485	2.99515	36.98786	39.98301	0.73969	12.14647
275	10.07463	23.66889	5.6506	60.60588	66.25648	2.56057	13.98528	8.6629	53.78757	2.98877	34.56077	37.54954	0.64254	12.97181
276	9.97761	23.91043	5.54934	60.56263	66.11197	2.5329	13.74445	9.72056	56.74272	2.12009	31.41663	33.53672	0.55367	10.12244
277	--	--	--	--	--	--	--	9.39647	62.92893	2.25073	25.42387	27.6746	0.40401	13.27922
278	8.04323	23.86829	4.97926	63.10921	68.08848	2.64406	11.83487							
279	8.6311	22.82369	5.01646	63.52874	68.5452	2.78346	11.84454							
281	9.68958	23.7066	4.90961	61.6942	66.60381	2.60241	11.93696							
282	9.45229	22.50558	5.59851	62.44362	68.04213	2.77458	13.44856	10.69866	41.50194	2.91233	44.88708	47.79941	1.08157	9.73218
283	9.63739	21.85019	4.96966	63.54277	68.51242	2.90811	11.73145							
289	9.81979	23.31554	4.92998	61.93469	66.86467	2.65637	11.93995							
290	9.71281	22.08607	5.10401	63.09711	68.20112	2.85687	12.13371	--	--	--	--	--	--	--
291	8.17582	23.39615	5.59725	62.83078	68.42803	2.68552	13.36267	--	--	--	--	--	--	--
293	8.0907	23.86275	4.84338	63.20316	68.04655	2.64861	11.4948	--	--	--	--	--	--	--
294	8.94787	22.27488	4.83175	63.9455	68.77725	2.87074	11.33407	--	--	--	--	--	--	--
295	8.33534	23.64783	5.53277	62.48406	68.01682	2.64227	13.28203	--	--	--	--	--	--	--
297	8.60061	23.16175	4.82779	63.40985	68.23764	2.7377	11.42045	--	--	--	--	--	--	--
298	9.38388	21.50855	5.77127	63.3363	69.10757	2.9447	13.66815	--	--	--	--	--	--	--
299	9.80241	22.21186	5.56531	62.42042	67.98573	2.81023	13.37378	--	--	--	--	--	--	--
300	9.34585	23.40602	4.92042	62.32772	67.24814	2.66289	11.84164	--	--	--	--	--	--	--
301	8.4134	23.26668	4.90782	63.4121	68.31992	2.72545	11.60934	--	--	--	--	--	--	--
304	9.9187	22.69727	4.97689	62.40714	67.38403	2.74954	11.9623	--	--	--	--	--	--	--
307	10.00808	23.08469	5.25891	61.64833	66.90724	2.67053	12.79574	--	--	--	--	--	--	--
341	9.05558	23.88251	4.76819	62.29372	67.06191	2.60834	11.48155	7.63069	55.29305	4.63906	32.4372	37.07626	0.58664	21.45249
343	9.83798	22.09941	4.81773	63.24489	68.06261	2.86184	11.42636	7.03203	51.98139	3.62522	37.36136	40.98658	0.71874	14.5547
344	9.6009	22.51703	4.54809	63.33398	67.88206	2.81271	10.77168							
345	10.00952	22.80705	4.90479	62.27864	67.18343	2.73068	11.81334	8.91405	59.40482	1.90443	29.77671	31.68114	0.50125	9.59354
346	9.22284	23.90082	5.32847	61.54787	66.87634	2.57514	12.98615	9.92365	47.06758	2.61665	40.39212	43.00877	0.85817	9.71717
349	8.71479	23.67592	4.67248	62.93681	67.60929	2.65826	11.13613	8.39493	27.34887	4.25367	60.00253	64.2562	2.19397	10.63374
350	9.89354	22.07035	4.85513	63.18099	68.03611	2.86271	11.52671	10.10766	47.80541	2.54815	39.53878	42.08693	0.82708	9.66702
351	9.56108	22.33946	4.98162	63.11784	68.09946	2.8254	11.83886							
352	9.15037	23.08468	4.69217	63.07279	67.76495	2.73224	11.15893	10.20616	46.54585	2.95368	40.29431	43.24799	0.86569	10.99538
354	10.3391	22.45314	4.75578	62.45198	67.20776	2.78144	11.42266							
356	8.80957	23.08757	4.92357	63.17928	68.10286	2.73651	11.68953	8.36355	46.4328	4.89751	40.30614	45.20365	0.86805	18.22616
357	10.41271	22.95063	4.78548	61.85119	66.63666	2.69497	11.60563	9.64992	51.9236	3.69222	34.73425	38.42647	0.66895	15.94488
358	8.60525	23.65596	4.86698	62.87181	67.73879	2.65776	11.61166	7.59259	54.6532	3.81145	33.94276	37.75421	0.62106	16.84357
359	9.78692	22.31823	4.46657	63.42828	67.89485	2.84199	10.56289	9.02504	58.29254	1.958	30.72442	32.68242	0.52707	9.55916
360	8.14467	23.91384	5.24825	62.69324	67.94149	2.62163	12.55697	9.61964	48.4731	2.77822	39.12904	41.90726	0.80723	10.65023
361	9.00943	23.90512	4.87869	62.20677	67.08546	2.60224	11.76405	9.27138	56.54246	2.60673	31.57942	34.18615	0.55851	12.38177
362	9.12019	23.52433	5.03251	62.32297	67.35548	2.6493	12.11233	6.77433	44.79154	3.8587	44.57543	48.43412	0.99518	12.98484
363	10.18207	22.8342	4.65721	62.32652	66.98373	2.72953	11.20842							
365	10.41779	21.76625	4.72029	63.09567	67.81596	2.89878	11.22174							
366	9.96715	21.90821	4.63109	63.49354	68.12463	2.89816	10.9407	10.01714	46.54709	2.62006	40.8157	43.43576	0.87687	9.62889
367	9.47954	22.80182	4.74731	62.97134	67.71865	2.76168	11.30826	6.17102	63.72265	2.99226	27.11407	30.10633	0.4255	16.55374
368	9.61162	23.56429	4.94565	61.87844	66.8241	2.62594	11.98879	8.23401	50.98922	3.88794	36.88883	40.77678	0.72346	15.80943
369	10.34034	22.58914	4.70684	62.36368	67.07052	2.76078	11.3211	9.70194	50.25136	2.29921	37.74749	40.0467	0.75117	9.13653
370	8.40743	23.42694	4.71204	63.45359	68.16564	2.70857	11.13895	9.56221	53.68413	2.31917	34.43448	36.75366	0.64143	10.10255
371	8.67357	24.19255	5.01725	62.11663	67.13388	2.56759	12.11573	9.40961	55.37913	2.18588	33.02539	35.21127	0.59635	9.92819
373	8.35914	24.06744	4.80904	62.76439	67.57342	2.60785	11.49307	6.68306	65.92159	3.30271	24.09264	27.39535	0.36547	20.56257
374	9.74441	22.31621	4.65226	63.28712	67.93938	2.83593	11.02655							
375	10.07485	23.48795	4.61582	61.82138	66.4372	2.63205	11.19958	6.91356	48.7826	3.55289	40.75095	44.30384	0.83536	13.07783
377	10.26149	22.19168	4.45512	63.09171	67.54683	2.84303	10.59201	7.03144	60.98476	2.71196	29.27185	31.98381	0.47999	13.89708
378	9.76075	22.64989	4.56509	63.02426	67.58936	2.78254	10.86509	9.38289	59.44329	2.17415	28.99967	31.17382	0.48785	11.24574
381	8.05144	24.92327	5.27608	61.74922	67.0253	2.47757	12.81656	10.20441	43.12874	2.89089	43.77596	46.66685	1.01501	9.90575
382	9.64396	22.9067	4.62603	62.82331	67.44935	2.74257	11.04534							
383	--	21.48868	5.10608	59.67524	64.78132	2.77705	12.83467	10.39639	51.07622	2.89479	35.63259	38.52739	0.69764	12.186
384	8.8431	23.07008	4.92602	63.1608	68.08682	2.73778	11.69877	9.22765	56.16098	2.29924	32.31213	34.61137	0.57535	10.67357
385	8.64212	23.02773	5.2803	63.04984	68.33015	2.738	12.56221	9.29938	52.38698	2.77897	35.53467	38.31364	0.67831	11.73067
386	9.99847	22.73718	4.36244	62.9019	67.26434	2.76648	10.40296							
387	8.78324	24.61477	4.96519	61.6368	66.60199	2.50406	12.08333	9.84248	57.81893	2.42242	29.91618	32.3386	0.51741	12.14602
389	7.63913	24.67999	5.13382	62.54706	67.68088	2.53432	12.3119	10.41207	40.77214	4.92906	43.88672	48.81578	1.07639	16.84699
390	10.03567	23.02226	4.16952	62.77255	66.94207	2.7266	9.9634							
391	9.42469	22.62854	4.78721	63.15956	67.94677	2.79115	11.36933	6.96868	64.80984	3.18419	25.03729	28.22148	0.38632	19.07669
392	9.78839	22.85144	4.47346	62.88671	67.36017	2.75198	10.67027	10.36039	33.7563	3.35535	52.52796	55.88331	1.55609	9.58162
393	8.63431	22.99664	4.95147	63.41759	68.36905	2.75769	11.71158	9.67777	49.61414	2.47211	38.23599	40.7081	0.77067	9.69809
395	9.26139	23.37021	4.92094	62.44746	67.3684	2.6721	11.82018	6.93471	42.03749	3.76996	47.25785	51.02781	1.12418	11.96615
397	9.90198	23.08185	4.71197	62.3042	67.01618	2.69927	11.34428	6.53597	52.03293	4.44619	36.9849	41.43109	0.7108	18.03244
398	9.91593	22.25194	4.55993	63.27219	67.83212	2.84345	10.81027	9.36474	62.54105	2.47845	25.61576	28.09421	0.40958	14.51322
399	9.94203	22.37413	4.81237	62.87148	67.68385	2.81001	11.48145							
400	8.19349	24.288	4.80468	62.71383	67.51851	2.58209	11.49191	9.83685	50.076	2.70051	37.38663	40.08715	0.7466	10.8348
401	8.44039	23.47171	5.23622	62.85168	68.08791	2.67776	12.49662	7.47709	63.02003	3.09788	26.405	29.50288	0.41899	17.59828
402	9.4742	22.79186	4.73498	62.99896	67.73394	2.7641	11.27395	9.8479	59.26424	2.07287	28.815	30.88787	0.48621	10.79057
405	8.52042	24.37718	4.65216	62.45024	67.1024	2.56183	11.17409	9.44517	55.96229	2.14225	32.45029	34.59254	0.57986	9.90246
407	8.67927	23.17732	4.42542	63.71799	68.14341	2.74915	10.41798	10.3388	39.95391	2.94827	46.75903	49.70729	1.17032	9.45785
408	9.0236	23.30692	4.86687	62.80261	67.66948	2.69459	11.62421	6.98744	58.81363	3.01127	31.18767	34.19894	0.53028	14.48297
409	9.95378	22.72059	4.27481	63.05082	67.32563	2.77505	10.16992	9.6578	54.95924	2.07307	33.30989	35.38296	0.60608	9.3354
412	8.94361	23.82671	5.08638	62.14329	67.22967	2.60813	12.2774	9.92943	44.27405	2.86437	42.93216	45.79652	0.96969	10.00777
413	9.82945	23.37655	4.84747	61.94652	66.794	2.64994	11.73788	7.22323	45.45102	3.23279	44.09296	47.32575	0.97012	10.99764
414	9.93824	22.52511	4.77224	62.7644	67.53664	2.78642	11.40513	7.36888	58.73905	3.95647	29.93559	33.89207	0.50964	19.82494
418	9.50796	23.70135	4.7246	62.0661	66.7907	2.61867	11.41832	6.25188	50.23466	4.52099	38.99247	43.51346	0.77621	17.39178
421	10.0267	22.57082	4.70337	62.69911	67.40248	2.77788	11.25225	10.113	54.33573	2.11903	33.43224	35.55127	0.61529	9.50743
422	8.94676	22.92494	4.97924	63.14906	68.1283	2.7546	11.82736	6.91276	52.03499	3.72075	37.33151	41.05225	0.71743	14.95017
423	10.28626	22.11633	4.57988	63.01753	67.59741	2.84937	10.90144	8.50789	62.69345	2.09082	26.70783	28.79866	0.42601	11.74276
1003	9.73342	23.72457	2.92483	63.61718	66.54201	2.68149	6.89632	9.51139	53.14759	2.36527	34.97575	37.34102	0.65809	10.14388
1006	9.80558	23.61175	2.8933	63.68937	66.58267	2.69736	6.81424	8.65835	66.61407	1.69617	23.03141	24.72758	0.34574	11.04689
1007	10.63299	23.72204	2.79442	62.85054	65.64496	2.64946	6.66921	10.86488	49.28554	2.53196	37.31762	39.84959	0.75717	10.17735
1008	10.25413	23.27203	2.66653	63.80731	66.47385	2.7418	6.26856	9.94879	38.00699	3.00415	49.04007	52.04422	1.29029	9.18885
1009	10.59465	23.30434	2.7695	63.33151	66.10101	2.71758	6.55952	10.84656	38.09151	3.4317	47.63023	51.06193	1.25042	10.80732
1010	9.34555	24.56647	3.23264	62.85533	66.08797	2.55858	7.71447	9.3746	55.6316	2.06827	32.92553	34.9938	0.59185	9.4225
1011	9.95893	24.88706	3.16968	61.98432	65.154	2.49062	7.67053	9.41477	56.51327	2.25702	31.81494	34.07196	0.56296	10.64132
1012	9.33635	24.80168	3.1045	62.75747	65.86197	2.53037	7.42022	10.52032	41.21496	2.72877	45.53595	48.26472	1.10484	8.98883
1013	9.68526	24.18197	2.969	63.16378	66.13278	2.61202	7.05071	8.74984	63.37661	2.47514	25.39841	27.87355	0.40075	14.61788
1014	9.83697	23.52374	2.96413	63.67516	66.63929	2.70685	6.98261	10.36407	50.88621	2.0207	36.72902	38.74972	0.72179	8.25246
1015	10.23987	24.18975	2.81601	62.75437	65.57038	2.59425	6.73103	10.19127	41.93763	3.32225	44.54886	47.8711	1.06226	11.1863
1016	10.16269	23.90418	2.98046	62.95267	65.93313	2.63354	7.10167	11.24336	49.11188	4.81597	34.82879	39.64475	0.70917	20.74132
1017	11.06456	23.31214	2.31347	63.30984	65.62331	2.71575	5.4813	10.10387	46.40159	2.73284	40.76171	43.49455	0.87846	10.05663
1019	10.36908	23.8639	2.84403	62.92298	65.76701	2.63674	6.7798	13.13661	50.03677	2.14437	34.68226	36.82662	0.69314	9.27433
1020	10.16314	23.47628	2.77929	63.58128	66.36057	2.70832	6.55687	10.33101	61.81386	1.87917	25.97595	27.85513	0.42023	10.85143
1022	10.2423	23.8462	2.70352	63.20797	65.91149	2.65065	6.41577	9.45213	57.09737	2.11406	31.33644	33.4505	0.54882	10.11948
1026	10.51795	23.86669	2.94452	62.67083	65.61535	2.62587	7.04759	10.07207	43.35069	2.43402	44.14322	46.57724	1.01828	8.27087
1027	9.83762	23.37482	2.92686	63.86069	66.78756	2.73203	6.8748	10.0186	50.00744	2.43676	37.5372	39.97396	0.75063	9.73736
1030	9.73575	23.55908	2.7764	63.92877	66.70518	2.71355	6.51444	11.30458	39.94076	2.69712	46.05753	48.75466	1.15315	8.78398
1031	10.26064	23.05666	2.61689	64.0658	66.68269	2.77862	6.12704	10.28593	42.759	3.17954	43.77553	46.95507	1.02377	10.89492
1032	10.56449	21.72334	2.69096	65.0212	67.71217	2.99315	6.20789	11.19101	33.40336	3.1553	52.25032	55.40562	1.56422	9.05822
1033	10.84384	24.34676	2.41073	62.39867	64.80939	2.56291	5.79514	10.95966	30.21715	3.5141	55.30909	58.82319	1.83039	9.53034
1035	10.22541	23.28673	2.80367	63.6842	66.48786	2.73479	6.60369	9.38031	61.35351	1.6991	27.56708	29.26618	0.44932	9.24526
1037	10.21354	23.52613	2.68822	63.57212	66.26033	2.70219	6.34292	10.83069	41.33443	2.76212	45.07277	47.83489	1.09044	9.1922
1038	9.92614	24.00255	2.89743	63.17388	66.07131	2.63196	6.87964	10.37618	40.42544	2.83923	46.35916	49.19839	1.14678	9.18663
1039	10.53217	24.2489	2.93905	62.27988	65.21893	2.56836	7.07864	9.53244	40.45148	2.84804	47.16805	50.01608	1.16604	9.0571
1042	9.46999	23.98544	3.10455	63.44002	66.54457	2.64494	7.34052							
1043	9.22323	24.03613	3.39871	63.34194	66.74065	2.63528	8.04848	10.96836	40.86337	2.69437	45.4739	48.16827	1.11283	8.88763
1044	10.61606	23.92999	2.76658	62.68738	65.45395	2.61962	6.61994	11.09804	41.02743	3.10363	44.77091	47.87453	1.09124	10.39836
1045	10.59822	23.28894	2.877	63.23584	66.11284	2.71527	6.82445	10.53834	42.97016	2.74168	43.74982	46.4915	1.01814	9.40009
1046	10.40388	23.63475	2.76614	63.19523	65.96137	2.67383	6.5657	9.92464	42.12525	2.82377	45.12635	47.95012	1.07124	9.38621
1047	10.49655	24.61311	2.73161	62.15874	64.89034	2.52543	6.59185	10.53966	41.20118	3.23191	45.02725	48.25916	1.09286	10.76652
1048	10.45485	24.21717	2.84233	62.48565	65.32798	2.58022	6.82315	9.78933	48.67772	2.13357	39.39937	41.53294	0.80939	8.12287
1049	9.88203	23.81289	2.94917	63.35591	66.30508	2.66057	6.98238	9.57798	54.88473	2.21146	33.32582	35.53728	0.6072	9.95381
1050	10.53815	22.69661	2.81383	63.95141	66.76524	2.81766	6.59993	10.88606	35.57654	3.36623	50.17116	53.5374	1.41023	10.06425
1052	10.12861	23.22988	2.76537	63.87614	66.64151	2.74974	6.4939	9.19193	61.45268	2.30658	27.0488	29.35538	0.44016	12.79119
1054	9.91879	23.78245	3.06146	63.2373	66.29876	2.65899	7.26184	11.11216	39.57529	3.20181	46.11074	49.31255	1.16514	10.4156
1055	10.5103	23.46483	2.5765	63.44837	66.02487	2.70398	6.09118	10.30063	50.81072	2.4042	36.48445	38.88865	0.71805	9.88447
1056	10.05448	24.14531	2.75868	63.04153	65.80022	2.61092	6.56397	10.35489	50.49767	2.26181	36.88564	39.14745	0.73044	9.19792
1059	10.06425	24.43942	2.77622	62.72012	65.49634	2.56635	6.63954	10.90261	41.66547	3.12635	44.30558	47.43193	1.06336	10.58451
1061	9.78818	23.43975	2.95936	63.81271	66.77207	2.72241	6.95636	9.57083	51.64049	2.45685	36.33183	38.78868	0.70355	10.14338
1062	10.59668	23.05889	2.4863	63.85813	66.34443	2.76935	5.84021	10.70898	46.14241	2.44582	40.70279	43.14861	0.88211	9.01346
1063	9.88778	23.81384	2.71351	63.58487	66.29838	2.67008	6.40131	9.78274	48.03137	2.32664	39.85925	42.18589	0.82986	8.75571
1064	10.58659	23.38977	2.82213	63.20152	66.02364	2.7021	6.69793	8.25498	69.99673	1.46295	20.28533	21.74828	0.2898	10.81782
1065	10.70147	23.67909	2.43815	63.18128	65.61943	2.66823	5.78846	12.25036	50	5.18902	32.56063	37.74964	0.65121	23.90471
1066	10.41509	22.85026	2.75231	63.98234	66.73464	2.80007	6.4525	10.20426	54.80416	2.15054	32.84104	34.99158	0.59924	9.82249
1067	10.34791	23.1178	3.31693	63.21736	66.53429	2.73458	7.87029	9.14243	58.28965	2.33084	30.23708	32.56792	0.51874	11.56283
1069	9.59452	23.87332	2.9214	63.61077	66.53216	2.66451	6.88892	10.52514	38.26584	3.87183	47.33719	51.20902	1.23706	12.26888
1070	9.57774	23.92477	2.86791	63.62958	66.49749	2.65957	6.7608	10.19141	46.91664	3.1207	39.77125	42.89195	0.8477	11.76994
1071	9.74515	24.22295	2.9753	63.0566	66.03189	2.60318	7.07768	11.00161	42.85499	3.4996	42.64381	46.1434	0.99507	12.30987
1072	10.12463	23.6437	2.84018	63.3915	66.23167	2.68112	6.72056	10.44776	43.94693	2.60214	43.00317	45.60531	0.97852	9.07657
1073	10.28137	23.57691	2.8842	63.25752	66.14172	2.68303	6.83919	10.58997	51.62949	1.94315	35.83739	37.78055	0.69413	8.13322
1074	10.6538	23.7047	2.60612	63.03538	65.6415	2.65919	6.20157	10.23563	47.96378	2.37303	39.42757	41.8006	0.82203	9.02807
1075	9.91739	24.57475	3.0064	62.50145	65.50785	2.54332	7.21519	10.79836	38.27507	3.28559	47.64099	50.92658	1.2447	10.34483
1076	10.64674	23.69092	2.78665	62.87569	65.66234	2.654	6.64801	9.56863	50.61436	2.59395	37.22306	39.81701	0.73542	10.453
1078	9.87753	24.13775	3.00093	62.98379	65.98472	2.60935	7.14691	9.92865	41.94186	3.17939	44.9501	48.12949	1.07172	10.60972
1079	9.71735	23.81085	3.15498	63.31682	66.4718	2.65916	7.47428	10.57195	46.02383	3.393	40.01123	43.40423	0.86936	12.72019
1080	9.42869	23.803	3.11263	63.65567	66.76831	2.67427	7.3347	9.18207	58.83975	1.90245	30.07573	31.97819	0.51115	9.48832
1082	9.74482	24.22467	2.5901	63.4404	66.0305	2.61883	6.12409							
1083	8.9988	24.284	3.11673	63.60048	66.71721	2.61903	7.35072	9.43812	52.3743	2.66975	35.51783	38.18758	0.67815	11.27495
1084	9.28543	23.51899	1.8396	65.35599	67.19559	2.77886	4.22211	7.21795	75.14718	1.96143	15.67344	17.63487	0.20857	18.77156
1085	9.84505	23.42387	2.79236	63.93873	66.73108	2.72964	6.55085	10.05264	42.51153	3.14977	44.28605	47.43582	1.04174	10.66849
1086	9.98049	21.78065	6.22762	62.01124	68.23886	2.84708	15.06409	10.7399	47.41998	4.85394	36.98618	41.84013	0.77997	19.6855
1087	9.6715	23.38513	2.9805	63.96287	66.94337	2.73519	6.9896	9.93834	45.01417	3.83312	41.21438	45.0475	0.91559	13.95067
1088	10.14885	23.41638	2.75116	63.68362	66.43478	2.71962	6.48007	9.6571	57.42533	2.11914	30.79843	32.91757	0.53632	10.32101
1089	10.59641	23.67713	3.38789	62.33857	65.72646	2.63286	8.152	10.7757	49.32732	1.98601	37.91098	39.89698	0.76856	7.85792
1090	10.97239	22.08665	2.90298	64.03798	66.94096	2.8994	6.79982	10.10856	45.46597	2.78324	41.64224	44.42547	0.9159	10.02553
1091	9.47977	23.82406	2.89921	63.79697	66.69617	2.67784	6.81664	10.34695	39.91378	3.76514	45.97413	49.73927	1.15184	12.28454
1093	10.34354	22.64501	4.14643	62.86502	67.01145	2.77611	9.89366	10.90635	47.9094	2.81928	38.36496	41.18424	0.80078	11.02287
1095	10.80489	22.88694	4.28473	62.02344	66.30817	2.70999	10.36236	9.95104	56.53802	2.29335	31.2176	33.51094	0.55215	11.01949
1098	10.92533	22.36669	4.45373	62.25424	66.70797	2.78335	10.73116	10.24107	49.92361	2.71199	37.12333	39.83533	0.7436	10.95804
1099	10.37239	23.18342	3.05986	63.38433	66.44419	2.73404	7.24121	10.80093	51.17115	2.9773	35.05062	38.02792	0.68497	12.74141
1101	11.20232	22.68426	4.29273	61.82069	66.11342	2.72527	10.41576	10.79023	55.26288	2.14394	31.80295	33.9469	0.57548	10.11199
1102	10.60922	22.32267	4.40219	62.66592	67.06811	2.80728	10.53727	9.22141	44.79513	3.07063	42.91282	45.98346	0.95798	10.73327
1105	9.2568	23.81062	3.42024	63.51234	66.93258	2.66739	8.07773	10.35022	49.50075	2.74963	37.3994	40.14903	0.75553	11.02809
1108	10.86108	22.1219	4.25368	62.76335	67.01702	2.83716	10.16599	11.17741	49.92615	2.45761	36.43883	38.89644	0.72985	10.11673
	10.68188	22.2176	4.26324	62.83728	67.10052	2.82827	10.17687	10.14591	38.12579	4.01006	47.71824	51.7283	1.2516	12.60544
1110	11.39357	22.96418	4.12111	61.52114	65.64225	2.679	10.04803	10.50725	52.41156	2.64532	34.43587	37.08119	0.65703	11.5228
1115	10.76257	22.12127	4.47094	62.64522	67.11615	2.8319	10.70538							
1116	11.16112	22.92943	4.06391	61.84554	65.90945	2.69721	9.85661	9.88169	46.79145	3.3869	39.93996	43.32686	0.85357	12.71996
1117	10.27553	23.89683	5.41054	60.4171	65.82764	2.52825	13.43296	9.94602	58.96707	2.27091	28.816	31.08691	0.48868	11.8211
1118	9.64184	23.92951	4.85868	61.56997	66.42865	2.57297	11.83697	10.57157	47.09402	2.62742	39.70699	42.33441	0.84314	9.92552
1120	10.22766	21.76437	5.1366	62.87137	68.00797	2.88873	12.25501	9.27704	58.89215	3.28545	28.54535	31.83081	0.48471	17.26439
1122	9.88668	22.87229	4.35716	62.88387	67.24103	2.74935	10.39335	8.96681	58.9237	2.77339	29.33611	32.1095	0.49787	14.18075
1123	9.34316	24.22198	3.08042	63.35445	66.43487	2.61558	7.2933	10.54977	43.24087	4.10443	42.10493	46.20936	0.97373	14.62215
1124	9.96658	23.03759	2.78864	64.20718	66.99582	2.78706	6.51478	11.44479	49.78463	2.6891	36.08148	38.77058	0.72475	11.17929
1125	9.78135	22.98685	4.95067	62.28113	67.2318	2.70942	11.92337	10.66549	34.0121	4.63332	50.6891	55.32241	1.49033	13.71099
1126	9.89456	22.95226	5.30606	61.84712	67.15318	2.6946	12.86898	9.73012	56.71653	2.06172	31.49163	33.55335	0.55525	9.82034
1129	10.73384	23.29476	4.33642	61.63497	65.9714	2.64587	10.55348	9.84837	52.17975	3.29332	34.67857	37.97188	0.6646	14.24505
1132	10.11236	22.45432	5.5789	61.85442	67.43332	2.75468	13.5291	10.68498	48.7243	2.84418	37.74653	40.59071	0.7747	11.30242
1135	10.07427	22.69965	4.99855	62.22753	67.22608	2.74134	12.04906	11.30923	43.34279	3.56614	41.78184	45.34798	0.96399	12.80272
1136	10.09034	22.25339	6.15256	61.50372	67.65627	2.76379	15.00533	11.62388	38.30268	3.47806	46.59538	50.07344	1.2165	11.19657
1138	10.47585	21.87519	4.56762	63.08133	67.64895	2.88369	10.86127	10.69664	41.97036	3.77318	43.55982	47.333	1.03787	12.9931
1139	10.18415	22.38023	4.38692	63.04869	67.43561	2.81716	10.43698	9.89004	39.7795	2.58736	47.7431	50.33046	1.20019	8.129
1141	9.37787	23.32036	3.1769	64.12488	67.30177	2.74974	7.43136	9.47813	43.26008	2.52344	44.73835	47.26179	1.03417	8.46068
1142	8.74027	24.26575	3.37344	63.62055	66.99398	2.62183	7.95365	7.43381	67.41344	1.8924	23.26035	25.15275	0.34504	12.20358
1143	10.74507	22.68373	4.22622	62.34498	66.5712	2.74844	10.16815	11.89037	20.75871	5.30736	62.04356	67.35092	2.9888	12.83136
1146	10.55969	22.53417	4.58751	62.31864	66.90614	2.76552	11.04206	10.49965	46.55835	4.26275	38.67925	42.942	0.83077	16.53117
1147	10.49066	22.29917	4.98263	62.22753	67.21016	2.79058	12.01068	10.57261	48.34644	2.97725	38.1037	41.08094	0.78814	11.72031
1148	10.8774	23.43422	4.44	61.24838	65.68838	2.61363	10.87375	9.76582	47.78691	3.57406	38.87322	42.44728	0.81347	13.7912
1150	11.03701	22.29219	4.84419	61.82661	66.6708	2.77347	11.75268	9.44859	50.19705	2.00278	38.35158	40.35436	0.76402	7.83323
1151	10.18966	23.34113	4.35811	62.11111	66.46921	2.66102	10.52494	10.91718	50.11793	2.56756	36.39733	38.96489	0.72623	10.58137
1152	10.8463	22.91657	4.32159	61.91554	66.23713	2.70178	10.46971	9.38806	56.53731	2.85572	31.21891	34.07463	0.55218	13.72112
1153	10.47013	23.13887	4.10551	62.28549	66.391	2.69181	9.88715	10.82607	43.37525	3.06226	42.73643	45.79869	0.98527	10.74818
1156	11.30161	22.33115	4.21657	62.15067	66.36724	2.78314	10.17665	10.95342	29.82514	4.31455	54.90689	59.22144	1.84096	11.78692
1159	10.61441	22.25581	4.25746	62.87232	67.12979	2.82499	10.1574	11.09211	26.13653	5.07339	57.69797	62.77136	2.20756	13.18953
1160	9.66449	23.40983	4.24044	62.68523	66.92568	2.67773	10.14699	11.35098	37.1558	2.50051	48.99271	51.49322	1.31858	7.65575
1162	9.63107	24.00376	2.97264	63.39253	66.36517	2.64094	7.03389	10.4489	48.16298	3.44959	37.93854	41.38812	0.78771	13.63885
1163	9.81644	23.04916	2.81684	64.31756	67.1344	2.79045	6.56937	11.15817	43.03324	3.17238	42.63622	45.8086	0.99077	11.16087
1164	10.36346	22.92217	4.51508	62.19929	66.71437	2.7135	10.88857	11.21057	29.42488	4.44947	54.91508	59.36455	1.86628	12.15369
1165	10.87343	22.9532	5.83168	60.3417	66.17338	2.6289	14.49665	10.12023	41.24295	3.61455	45.02227	48.63682	1.09164	12.04254
1167	10.60069	23.18459	4.24804	61.96668	66.21471	2.67275	10.28303	9.92606	40.51863	3.39322	46.16209	49.55531	1.13928	11.026
1168	10.34643	23.25072	5.01712	61.38573	66.40285	2.64016	12.25965	8.57233	65.90346	1.88835	23.63586	25.52421	0.35864	11.98402
1169	10.5047	22.6706	4.48708	62.33761	66.8247	2.74971	10.79705	9.73188	50.17125	3.17592	36.92095	40.09687	0.7359	12.90292
1170	10.16338	22.67471	5.41443	61.74747	67.1619	2.72319	13.153	9.7563	58.86662	2.26051	29.11657	31.37708	0.49462	11.64548
1171	10.68147	23.83608	4.06471	61.41774	65.48245	2.57667	9.92722	10.3346	49.36984	2.72327	37.57228	40.29556	0.76104	10.87214
1172	10.9311	22.87347	4.18873	62.0067	66.19543	2.71086	10.13293	10.36872	50.14581	2.90474	36.58072	39.48546	0.72949	11.91096
1174	9.80965	22.19732	5.9211	62.07193	67.99303	2.79637	14.30863	11.75838	36.65286	3.72302	47.86573	51.58876	1.30592	11.66708
1175	11.10276	22.60712	4.18253	62.10759	66.29012	2.74726	10.1015	8.88737	62.00631	2.65329	26.45304	29.10632	0.42662	15.04527
1178	10.1561	23.45099	4.92341	61.4695	66.39291	2.62119	12.01428	10.10523	36.51155	2.45808	50.92514	53.38323	1.39477	7.24029
1179	10.72994	22.29746	4.44158	62.53101	66.9726	2.8044	10.65452	10.4765	56.34364	2.37521	30.80465	33.17986	0.54673	11.56584
1180	11.25717	23.06615	4.13095	61.54573	65.67668	2.66823	10.068	11.06048	40.1057	2.9368	45.89702	48.83382	1.1444	9.59801
1181	9.47985	22.94695	3.13047	64.44272	67.57319	2.80833	7.28663	10.60766	31.58228	3.1671	54.64296	57.81006	1.73018	8.69397
1182	9.15287	23.64492	3.11046	64.09175	67.20221	2.71059	7.27971	13.56347	35.75347	3.89225	46.79082	50.68306	1.30871	12.4776
1183	10.66521	22.55801	4.1288	62.64799	66.77679	2.7772	9.88571	10.23366	51.37125	2.95964	35.43545	38.39509	0.68979	12.52831
1185	10.70871	22.31126	4.67724	62.30279	66.98002	2.79244	11.2609	11.65727	38.32582	4.14882	45.86809	50.01691	1.19679	13.56765
1188	11.90366	22.35276	4.11754	61.62604	65.74358	2.75698	10.02224	10.86657	43.71084	3.31143	42.11116	45.42259	0.9634	11.79531
1189	10.21665	22.40403	4.45648	62.92284	67.37932	2.80855	10.62368	11.04829	37.99374	3.83192	47.12606	50.95798	1.24036	12.19681
1191	10.51463	22.66922	4.7528	62.06336	66.81615	2.73778	11.48697	11.36906	42.45081	3.2189	42.96122	46.18013	1.01202	11.23886
1192	10.09739	22.39491	4.24383	63.26386	67.5077	2.82492	10.06222	11.243	44.98457	2.66268	41.10974	43.77243	0.91386	9.71552
1193	11.13779	22.78672	4.40018	61.67531	66.07549	2.70663	10.70165	9.1759	64.13381	2.21533	24.47497	26.6903	0.38162	13.57712
1194	11.00601	22.92749	4.1044	61.9621	66.06651	2.70252	9.93608	11.17191	33.18397	3.97243	51.67169	55.64412	1.55713	11.53173
1195	10.61938	22.43547	4.65314	62.29201	66.94515	2.7765	11.20483	10.57586	51.57898	2.60697	35.23819	37.84516	0.68319	11.09721
1196	10.11358	22.45907	4.27364	63.15371	67.42735	2.81195	10.15056	11.11789	50.23206	2.5116	36.13844	38.65005	0.71943	10.42492
1197	11.20355	22.5613	4.75746	61.47769	66.23515	2.72492	11.60778	9.04705	61.33768	2.73391	26.88137	29.61527	0.43825	15.25541
1200	10.25334	22.86062	4.54695	62.33908	66.88604	2.72692	10.94086	10.13361	31.12094	3.83047	54.91497	58.74545	1.76457	10.46291
1201	9.29814	23.50253	3.15098	64.04834	67.19932	2.72517	7.37954	10.10132	54.57432	2.16241	33.16195	35.32436	0.60765	9.78112
1203	11.21876	21.68134	4.09405	63.00585	67.0999	2.90599	9.74684							
1206	12.0963	21.79737	3.963	62.14333	66.10633	2.85096	9.56579							
1208	11.20279	20.72056	4.21463	63.86202	68.07666	3.08206	9.89939							
1209	11.21621	21.95594	4.61622	62.21163	66.82785	2.83348	11.13028							
1211	10.50827	22.98103	4.17254	62.33816	66.5107	2.71259	10.0401							
1213	10.83773	22.00049	4.15021	63.01157	67.16178	2.8641	9.87964							
1214	10.62674	21.83827	3.81249	63.72249	67.53498	2.91793	8.97444							
1216	11.05908	21.105	3.74831	64.08761	67.83593	3.03661	8.7731							
1217	10.77797	22.50575	3.82845	62.88783	66.71628	2.7943	9.13161							
1219	10.87487	21.54335	4.26543	63.31635	67.58178	2.93902	10.10503							
1220	11.86752	21.91007	3.86343	62.35898	66.22241	2.84613	9.2932							
1221	9.95265	23.87724	2.98952	63.18059	66.1701	2.64606	7.09755	10.99208	42.078	3.04573	43.88419	46.92992	1.04292	10.41057
1222	9.31705	24.62687	3.17855	62.87753	66.05608	2.55321	7.58272	9.65423	45.94142	2.4093	41.99506	44.40435	0.9141	8.60564
1223	11.37663	21.57141	4.41747	62.63448	67.05195	2.90359	10.57916							
1224	10.68534	22.00961	3.94143	63.36362	67.30505	2.87891	9.33051	--	--	--	--	--	--	--
1225	11.55123	22.04325	3.87676	62.52876	66.40552	2.83664	9.29994	--	--	--	--	--	--	--
1226	10.74791	22.65202	3.8979	62.70217	66.60007	2.76806	9.32479	--	--	--	--	--	--	--
1229	11.7603	21.8681	4.03301	62.33859	66.3716	2.85066	9.70429	--	--	--	--	--	--	--
1230	10.56676	22.02026	3.84191	63.57107	67.41298	2.88694	9.06523	--	--	--	--	--	--	--
1231	11.01642	22.19128	4.08104	62.71125	66.7923	2.82594	9.76151	--	--	--	--	--	--	--
1232	11.57542	21.57423	3.89476	62.95559	66.85035	2.91809	9.27977	--	--	--	--	--	--	--
1234	11.17655	21.33945	3.93567	63.54833	67.484	2.97797	9.28979	--	--	--	--	--	--	--
1235	11.04557	22.18879	3.81006	62.95558	66.76564	2.83727	9.07796	--	--	--	--	--	--	--
1236	10.27503	21.69796	4.30012	63.72689	68.02701	2.937	10.1216	--	--	--	--	--	--	--
1237	10.77704	21.94524	3.66046	63.61726	67.27772	2.89891	8.63082	--	--	--	--	--	--	--
	10.57729	21.48659	4.11412	63.822	67.93612	2.97032	9.66936	--	--	--	--	--	--	--
	10.52371	23.36693	2.60679	63.50257	66.10936	2.71763	6.15753	9.52635	42.41276	2.79118	45.26972	48.0609	1.06736	9.24849
1242	9.38965	23.56454	3.0612	63.98461	67.04581	2.71529	7.17642	11.04504	24.80178	4.53245	59.62073	64.15318	2.40389	11.40321
1244	10.48004	21.6727	4.66683	63.18042	67.84725	2.91521	11.07978	--	--	--	--	--	--	--
1245	11.14166	21.61939	4.18707	63.05189	67.23895	2.91645	9.961	--	--	--	--	--	--	--
1246	10.94321	21.13842	4.51607	63.4023	67.91837	2.99939	10.68433	--	--	--	--	--	--	--
1247	11.11677	21.52965	4.13787	63.21571	67.35358	2.93622	9.81845	--	--	--	--	--	--	--
1248	9.96046	22.36954	4.15456	63.51543	67.66999	2.83937	9.81154	--	--	--	--	--	--	--
1249	10.90572	22.15293	4.04157	62.89978	66.94135	2.83934	9.63813	--	--	--	--	--	--	--
1250	11.14967	21.4967	4.08984	63.26379	67.35363	2.94295	9.69712	--	--	--	--	--	--	--
1251	10.50238	21.27116	4.72782	63.49864	68.22646	2.9852	11.16832	--	--	--	--	--	--	--
1254	10.51244	21.98927	4.48268	63.01562	67.49829	2.86574	10.67039	--	--	--	--	--	--	--
1256	10.40097	21.69273	4.76768	63.13861	67.9063	2.91059	11.32671	--	--	--	--	--	--	--
1257	11.08041	21.62387	4.46856	62.82717	67.29572	2.90545	10.66869	--	--	--	--	--	--	--
1258	10.97855	21.97369	3.84488	63.20289	67.04777	2.8763	9.12508	--	--	--	--	--	--	--
1260	10.73108	22.11134	4.29679	62.86079	67.15758	2.84292	10.25311	--	--	--	--	--	--	--
1261	11.30445	21.97795	3.93684	62.78076	66.7176	2.85653	9.40616	--	--	--	--	--	--	--
1262	11.15458	21.39913	3.96644	63.47984	67.44629	2.96647	9.37253	--	--	--	--	--	--	--
1263	10.00606	22.74487	2.83378	64.41529	67.24907	2.83208	6.59886	--	--	--	--	--	--	--
1264	10.46061	22.3259	4.08001	63.13347	67.21348	2.82781	9.69378							
1265	9.29961	23.30925	3.16699	64.22415	67.39114	2.75531	7.39672	8.99534	60.67965	1.96565	28.35937	30.32502	0.46736	10.39682
1267	11.63012	21.56035	3.758	63.05154	66.80953	2.92442	8.9403							
1270	12.21269	20.03678	5.98345	61.76708	67.75053	3.08269	14.53068							
1271	10.45949	22.25627	3.84868	63.43555	67.28423	2.85023	9.10061							
1273	11.18209	21.96666	3.76164	63.08961	66.85125	2.87206	8.94357							
1274	10.33513	21.78367	3.99619	63.88501	67.88119	2.9327	9.38292							
1275	10.72959	21.99413	4.0524	63.22387	67.27627	2.87458	9.6144							
1276	10.94474	22.14378	4.13899	62.77249	66.91148	2.83477	9.89046							
1277	11.09353	21.89185	4.19526	62.81935	67.01461	2.86953	10.01745							
1278	10.57302	21.99164	4.28173	63.1536	67.43534	2.87171	10.16981							
1279	10.53632	21.60342	4.28979	63.57047	67.86026	2.94261	10.12213							
1281	9.52159	23.43364	3.01821	64.02655	67.04476	2.73225	7.071	6.26107	58.70597	3.87641	31.15654	35.03295	0.53072	18.66257
1282	9.11252	23.83514	3.14981	63.90253	67.05234	2.68102	7.39363							
1286	10.54408	21.28207	4.50477	63.66908	68.17385	2.99168	10.61294							
1287	8.94775	22.23816	4.83704	63.97705	68.81409	2.8769	11.34087	9.53653	48.36212	2.23454	39.86681	42.10135	0.82434	8.40753
1288	11.45439	21.90613	4.62461	62.01487	66.63948	2.83094	11.18589							
1291	11.72905	21.18898	3.63058	63.45139	67.08197	2.99455	8.58274							
1293	10.72513	22.38952	4.32143	62.56392	66.88535	2.79434	10.36083							
1294	9.78191	22.00624	4.14916	64.06269	68.21185	2.91111	9.71508							
1299	9.46718	22.92767	4.52905	63.0761	67.60515	2.75109	10.77044	8.49112	68.73205	1.87562	20.90121	22.77683	0.3041	13.4606
1301	9.245	23.31195	3.18951	64.25354	67.44306	2.75625	7.44593	10.09702	39.65771	2.95416	47.29111	50.24527	1.19248	9.37014
1302	9.46801	23.63695	2.9932	63.90184	66.89504	2.70347	7.02609	10.91083	34.11285	3.0159	51.96042	54.97632	1.52319	8.70633
1308	8.89792	23.03445	5.00973	63.05791	68.06764	2.73755	11.91697							
1314	9.51216	23.4721	4.56095	62.45479	67.01574	2.66081	10.9542	6.8756	54.04801	3.08372	35.99267	39.07639	0.66594	12.85146
1315	9.48464	22.07728	4.79373	63.64435	68.43808	2.8828	11.29809	9.92322	47.08352	4.9409	38.05236	42.99326	0.80819	19.4767
1317	8.58613	23.77373	4.87036	62.76978	67.64013	2.6403	11.63862	10.50541	40.67111	2.84482	45.97866	48.82348	1.1305	9.2809
1324	9.54828	23.60886	2.94604	63.89682	66.84286	2.70648	6.91593	7.24106	46.7525	3.87504	42.1314	46.00644	0.90116	13.79627
1327	9.07197	24.05462	2.99931	63.8741	66.87341	2.65538	7.04348	10.8077	49.36933	2.38991	37.43306	39.82297	0.75823	9.57673
1330	9.38381	24.29309	4.49225	61.83084	66.32309	2.5452	10.89808	8.89343	62.44656	2.20314	26.45688	28.66002	0.42367	12.4909
1337	9.00301	23.96073	4.65924	62.37703	67.03627	2.6033	11.20421	12.10949	28.6889	4.08581	55.1158	59.20162	1.92115	11.11972
1341	8.20574	23.66307	5.56961	62.56158	68.13119	2.64385	13.35391	5.96777	53.58597	3.97114	36.47512	40.44625	0.68068	16.33087
1342	9.64206	22.84735	4.47829	63.0323	67.51059	2.75885	10.65713	11.16153	33.78364	3.46781	51.58701	55.05482	1.52698	10.08339
1343	8.65927	22.97825	4.62828	63.7342	68.36247	2.77367	10.89276	10.64501	39.36039	2.99911	46.99548	49.99459	1.19398	9.57256
1344	9.01374	23.76891	4.64404	62.57331	67.21735	2.63257	11.13264	7.49776	54.41734	3.49278	34.59212	38.0849	0.63568	15.14556
1345	9.65788	23.341	4.3541	62.64702	67.00112	2.68399	10.42532	10.45105	41.7705	2.7615	45.01695	47.77845	1.07772	9.20154
1346	9.80513	23.03486	4.57545	62.58457	67.16002	2.71695	10.96623	12.07885	37.23065	3.31272	47.37779	50.6905	1.27255	10.4882
1347	13.07522	22.13687	4.2688	60.51911	64.78792	2.73386	10.58047	7.12217	51.95844	3.57368	37.34572	40.9194	0.71876	14.35376
1348	9.5836	22.63216	4.58722	63.19703	67.78425	2.79236	10.8879	9.87599	34.17317	3.52393	52.42691	55.95084	1.53415	10.08241
1349	9.25318	23.66628	3.28903	63.79152	67.08055	2.69546	7.73386	10.29068	51.05545	3.01497	35.6389	38.65386	0.69804	12.68965
1351	9.17616	23.53056	3.2789	64.01438	67.29328	2.72048	7.6832							
1352	9.84035	22.71817	4.4366	63.00487	67.44148	2.77333	10.56253	12.03848	22.82706	3.88001	61.25445	65.13446	2.68341	9.50137
1354	9.74688	22.45288	4.73459	63.06565	67.80024	2.8088	11.2611	11.24444	38.70473	2.93985	47.11098	50.05083	1.21719	9.36041
1355	9.31424	23.44792	3.99629	63.24155	67.23784	2.69711	9.47863	6.85841	55.03114	2.96351	35.14695	38.11046	0.63867	12.64765
1356	9.07908	22.28169	5.11932	63.51992	68.63923	2.85077	12.08909							
1359	9.628	22.06599	5.57949	62.72653	68.30602	2.84268	13.34242	9.18632	59.10426	2.25447	29.45495	31.70942	0.49836	11.48094
1361	9.72766	23.65443	1.84461	64.77331	66.61792	2.73832	4.27168	7.82918	31.2745	6.39363	54.50268	60.89631	1.74272	17.59628
1362	9.18765	23.07102	4.21143	63.5299	67.74133	2.75367	9.94357	10.15912	53.25581	2.3827	34.20237	36.58507	0.64223	10.44972
1364	9.80067	23.80755	2.9424	63.44939	66.39178	2.6651	6.95609	11.23342	40.28225	2.82811	45.65622	48.48434	1.13341	9.29154
1365	8.85297	22.93254	4.87673	63.33776	68.21449	2.76192	11.54933	10.37216	31.26523	3.2445	55.11811	58.36262	1.76292	8.82969
1366	9.2848	22.64751	4.86895	63.19874	68.06769	2.79054	11.55629	10.09789	45.88933	2.5511	41.46168	44.01278	0.90351	9.22936
1370	9.02705	23.81714	4.54938	62.60643	67.15581	2.62863	10.89996	7.62149	54.54507	4.11903	33.71441	37.83344	0.6181	18.32614
1371	9.1326	23.53044	4.22764	63.10932	67.33696	2.68203	10.04838	10.41588	41.35838	3.93253	44.29321	48.22573	1.07096	13.31759
1372	8.77139	23.74777	4.6102	62.87064	67.48084	2.64743	10.99926	7.68185	42.27018	3.87157	46.17639	50.04796	1.09241	12.57646
1373	10.09591	21.39683	4.61729	63.88997	68.50725	2.98595	10.8404	10.29615	35.24495	3.76418	50.69471	54.4589	1.43835	11.1378
1374	9.4734	23.17283	3.31874	64.03502	67.35376	2.76337	7.77405	10.74824	31.69954	4.0217	53.53051	57.55221	1.68868	11.26937
1375	9.3133	23.1705	4.39231	63.12389	67.5162	2.72432	10.43737	7.6756	40.54153	4.10555	47.67732	51.78287	1.17601	12.91669
1381	9.77546	21.93674	4.65624	63.63156	68.2878	2.90068	10.97625							
1382	9.14368	23.04839	4.2565	63.55143	67.80793	2.7573	10.04659	11.11431	30.23523	4.85577	53.79469	58.65046	1.77921	13.53972
1383	9.04943	23.86327	4.25848	62.82882	67.08729	2.63287	10.16685	11.1705	40.46028	3.47934	44.88988	48.36922	1.10948	11.62624
1386	9.62131	23.75376	4.9511	61.67383	66.62493	2.59638	12.04181	10.47179	35.57671	2.90675	51.04475	53.9515	1.43478	8.54176
1389	9.45503	23.69484	3.09229	63.75783	66.85013	2.69079	7.27509	10.18356	35.2696	3.1434	51.40344	54.54685	1.45744	9.17274
1390	9.59116	23.46613	3.06677	63.87594	66.94271	2.72205	7.20171	7.47241	51.52742	3.40432	37.59586	41.00018	0.72963	13.58256
1391	9.20007	23.07414	4.53551	63.19028	67.72579	2.73858	10.76632	9.04895	55.70421	3.66625	31.58058	35.24684	0.56693	17.41379
1393	8.58079	23.00182	4.33049	64.08689	68.41738	2.78617	10.13583	6.51641	48.06808	4.35449	41.06102	45.41552	0.85423	15.90739
1394	9.7924	22.63506	4.41614	63.1564	67.57254	2.7902	10.48857	7.61771	58.19957	3.43767	30.74505	34.18272	0.52827	16.77181
1395	8.4936	23.97147	4.4237	63.11122	67.53493	2.63276	10.51407	6.79816	63.93792	2.98946	26.27446	29.26392	0.41094	17.06671
1397	9.24646	23.19202	4.41357	63.14795	67.56152	2.72283	10.48387	7.35827	51.33265	3.84383	37.46525	41.30908	0.72985	15.38958
1398	8.90474	23.97023	4.10182	63.0232	67.12503	2.62923	9.76265	10.27926	48.3617	2.64362	38.71543	41.35904	0.80054	10.2425
1399	9.4435	22.9041	4.86619	62.7862	67.6524	2.74126	11.62563	6.57062	47.19317	4.2725	41.96371	46.23621	0.88919	15.27213
1400	9.1252	23.64771	4.48662	62.74047	67.22709	2.65313	10.72662	7.49878	47.01161	4.06908	41.42053	45.48961	0.88107	14.73574
1402	9.93715	23.06519	4.03614	62.96153	66.99766	2.72972	9.61572	6.11393	51.16101	3.99216	38.7329	42.72506	0.75708	15.46035
1405	9.55595	22.70787	4.62209	63.11408	67.73617	2.77939	10.98508	9.27643	59.43304	2.04701	29.24352	31.29054	0.49204	10.49984
1406	8.81418	24.49489	3.47571	63.21521	66.69092	2.58075	8.24732	7.92452	42.07036	4.56395	45.44118	50.00513	1.08012	15.06545
1407	9.94439	22.97977	4.26785	62.80799	67.07584	2.73319	10.19262	6.77884	59.25433	4.60396	29.36287	33.96683	0.49554	23.51931
1410	8.75762	23.37362	4.09532	63.77344	67.86876	2.72844	9.63252	11.4036	41.85131	2.81024	43.93485	46.7451	1.04978	9.59459
1411	8.91172	23.18726	4.38224	63.51878	67.90102	2.73938	10.3487	7.35804	54.7221	3.59241	34.32746	37.91987	0.62731	15.69767
1412	9.29647	22.81387	4.14561	63.74406	67.88967	2.79409	9.75529	9.54214	53.93847	2.24788	34.27151	36.51939	0.63538	9.83856
1415	9.14093	24.01361	3.09153	63.75393	66.84546	2.65491	7.27374	10.08401	49.20246	2.60178	38.11176	40.71353	0.77459	10.24005
1416	9.48263	23.07368	2.72489	64.71879	67.44369	2.80487	6.31554	7.55622	45.82582	3.62188	42.99608	46.61796	0.93825	12.63562
1418	8.75602	23.19303	4.54062	63.51033	68.05095	2.73834	10.72413	10.75696	44.51061	2.6581	42.07433	44.73244	0.94527	9.47646
1420	9.26303	23.26309	3.91413	63.55976	67.47389	2.73222	9.23727	10.55471	51.04665	2.70059	35.69805	38.39864	0.69932	11.34765
1421	8.99435	23.43105	4.8692	62.7054	67.5746	2.67617	11.6478	10.99249	56.43282	1.67371	30.90099	32.57469	0.54757	8.12453
1422	8.69966	22.85321	4.3995	64.04763	68.44713	2.80257	10.30365							
1423	9.09453	23.51053	4.96065	62.4343	67.39495	2.65559	11.91809	7.35709	55.67959	2.74166	34.22166	36.96332	0.61462	12.01721
1424	9.30105	23.50239	4.62936	62.56721	67.19656	2.66216	11.09852	12.30545	34.02975	2.76777	50.89703	53.6648	1.49566	8.15696
1425	8.56456	23.40943	4.27255	63.75346	68.02601	2.72341	10.05252	8.5995	62.01492	2.06937	27.31621	29.38558	0.44048	11.36344
1427	9.43191	23.3824	3.30597	63.87971	67.18568	2.73196	7.76295	8.98761	47.08502	2.98064	40.94673	43.92737	0.86963	10.91898
1428	9.32211	23.99627	3.27369	63.40794	66.68162	2.64241	7.74435	6.44789	51.49446	4.16851	37.88914	42.05765	0.73579	16.50281
1429	8.99041	22.47397	4.61781	63.91781	68.53562	2.84408	10.83691	10.30695	44.62628	3.17266	41.89411	45.06677	0.93878	11.35955
1433	8.56699	22.49356	4.77284	64.16661	68.93945	2.85267	11.15729	10.63305	42.20725	3.73089	43.42881	47.15971	1.02894	12.88624
1434	9.17001	22.05153	4.65865	64.11982	68.77847	2.90773	10.8983	10.48516	41.59934	3.05871	44.85678	47.9155	1.07831	10.22826
1438	8.89096	22.73207	4.75129	63.62568	68.37697	2.79894	11.20134	9.16763	62.9603	2.39739	25.47468	27.87208	0.40462	14.11632
1439	9.28107	23.16971	4.58263	62.96659	67.54922	2.71763	10.91681	--	--	--	--	--	--	--
1440	9.81923	24.37109	4.37409	61.43559	65.80968	2.52084	10.6797	14.15255	42.35624	2.3735	41.1177	43.49121	0.97076	8.65869
1443	8.63637	23.60632	3.54007	64.21724	67.75731	2.72034	8.26897	9.27277	57.73599	2.15149	30.83976	32.99125	0.53415	10.46453
1444	9.56435	23.99473	3.15013	63.29079	66.44092	2.6377	7.46585	9.76201	42.34531	3.31458	44.5781	47.89269	1.05273	11.15317
1459	9.38084	23.40925	3.1258	64.08411	67.20991	2.73755	7.31649	10.11932	39.19156	2.75645	47.93266	50.68911	1.22304	8.62601
1460	9.11399	23.18859	3.37543	64.32198	67.69742	2.77386	7.87157	10.02962	38.55915	2.90087	48.51037	51.41123	1.25808	8.96983
1474	8.80921	23.493	3.43591	64.26189	67.6978	2.73536	8.0201	9.9905	41.80998	2.89786	45.30166	48.19952	1.08351	9.59522
1476	9.02655	24.27939	3.28487	63.40919	66.69406	2.61165	7.77065	9.22955	57.95965	2.26638	30.54442	32.81079	0.52699	11.1299
1496	9.11241	23.98047	2.99355	63.91357	66.90712	2.66523	7.02561	8.90564	64.64465	1.86648	24.58323	26.44971	0.38028	11.38871
1498	8.55489	23.95052	3.36866	64.12592	67.49458	2.67743	7.8798	9.47935	50.2926	2.83993	37.38812	40.22806	0.74341	11.39372
1501	8.18227	23.7601	3.60892	64.44871	68.05763	2.71248	8.39951	8.87234	57.44277	2.3443	31.3406	33.68489	0.5456	11.2201
1504	9.18386	24.09859	3.35657	63.36099	66.71755	2.62924	7.9463							
1516	9.07279	24.79767	3.02588	63.10366	66.12954	2.54474	7.19265	9.98668	51.79533	2.02841	36.18958	38.21799	0.6987	8.40745