animal_id	weight
1	2.262
2	1.896
3	1.7
4	2.074
7	1.895
8	1.774
9	1.759
10	1.886
11	2.143
12	2.074
13	1.89
14	1.865
15	1.96
16	1.632
17	1.848
18	1.753
19	1.491
20	1.497
21	1.954
22	2.122
23	2.115
24	1.992
25	1.776
26	1.938
27	1.765
29	2.039
30	2.311
31	1.868
32	2.17
33	2
34	1.96
35	1.709
36	2.297
37	2.066
38	1.661
39	1.807
40	1.981
42	1.534
43	1.683
44	2.218
45	1.4
48	1.9
49	1.695
50	1.942
51	2.154
52	1.814
53	1.956
54	2.204
55	1.755
56	1.562
57	2.334
58	1.901
59	2.176
60	1.904
61	1.726
63	2.018
64	1.983
65	1.787
66	1.841
67	1.919
68	2.141
69	1.713
70	2.217
73	2.156
74	1.754
75	2.185
76	1.743
77	1.991
79	2.106
80	1.677
81	2.044
82	1.834
83	2.023
84	2.064
86	2.066
87	1.846
88	1.821
89	1.801
90	1.893
91	2.062
92	1.869
93	1.849
95	2.214
96	1.938
97	1.95
98	1.87
101	1.883
102	1.899
104	1.831
105	2.33
106	2.066
107	2.295
108	1.739
109	2.051
110	1.772
111	1.899
112	2.084
113	2.108
114	2.26
115	2.102
116	2.086
118	1.838
120	2.03
121	1.526
122	1.988
123	1.934
124	1.671
125	1.67
127	1.955
128	1.96
129	1.769
131	1.916
132	2.096
133	1.811
136	1.932
137	2.038
138	1.568
139	1.979
142	1.825
144	1.942
145	1.727
146	1.813
147	2.153
148	1.901
149	1.713
150	1.734
152	1.96
154	2.22
155	1.679
156	1.911
157	1.951
158	1.959
160	1.752
161	1.77
162	1.763
163	1.813
164	1.338
166	1.921
167	1.777
168	1.819
170	1.567
171	1.607
172	1.67
173	2.202
174	1.734
175	1.526
176	1.841
177	1.674
182	1.869
184	2.21
185	1.712
186	1.897
189	1.942
191	1.784
192	1.91
193	2.01
194	2.255
195	1.908
196	2.142
197	2.186
198	2.088
199	1.739
200	1.732
201	1.913
202	1.97
203	1.508
204	2.021
205	1.704
207	2.114
208	1.812
209	1.995
211	1.786
215	1.916
216	1.869
219	1.665
220	1.59
221	1.649
223	1.806
225	1.479
226	1.671
227	1.901
228	1.874
229	2.111
231	1.744
233	2.134
234	2.077
235	1.771
238	1.663
239	1.742
240	2.011
242	2.037
243	1.813
244	1.767
246	1.641
247	1.715
248	1.743
249	1.813
250	1.769
251	2.228
252	1.903
253	1.779
254	1.975
255	1.834
256	2.058
257	2.013
260	1.781
261	2.224
262	1.914
263	1.842
264	2.011
265	2.197
266	1.495
267	1.445
268	1.89
269	2.096
274	2.086
275	1.835
276	1.734
277	1.809
278	1.913
279	1.795
281	1.68
282	1.754
283	2.297
286	1.868
289	1.674
290	1.609
291	2.025
292	1.956
293	1.628
294	1.953
295	1.8
297	1.854
298	1.874
299	1.813
300	1.744
301	1.509
303	2.067
304	1.794
307	2.009
309	2.102
310	2.066
311	1.999
312	2.022
313	2.059
314	1.766
315	1.883
316	2.153
317	1.647
318	1.61
319	1.67
320	1.798
321	1.767
322	1.985
323	1.986
324	1.991
325	1.971
326	1.903
327	1.828
328	1.7
330	1.887
331	1.796
332	1.751
333	1.699
334	1.987
335	1.945
336	1.762
337	1.792
338	1.593
339	1.566
341	1.813
342	1.81
343	1.659
344	1.799
345	1.659
346	2.023
349	2.191
350	1.445
351	1.689
352	1.907
354	1.747
356	2.213
357	1.814
358	2.048
359	2.135
360	1.818
361	1.838
362	1.842
363	1.962
365	1.943
366	1.814
367	1.907
368	1.814
369	1.928
370	1.902
371	1.891
373	1.967
374	1.556
375	1.838
377	1.961
378	1.778
379	2.52
381	1.94
382	1.814
383	2.077
384	1.5
385	1.464
386	1.895
387	1.729
388	2.113
389	2.023
390	1.629
391	2.16
392	2.249
393	1.788
395	2.051
397	1.888
398	1.477
399	1.73
400	1.446
401	1.897
402	2.016
405	1.874
407	2.317
408	1.79
409	1.937
412	1.773
413	2.047
414	2.089
416	1.894
417	1.722
418	1.569
421	2.072
422	2.069
423	1.671
424	1.784
425	1.977
426	1.798
435	2.176
438	1.889
439	1.777
440	1.819
441	1.794
443	2.214
445	2.051
447	1.702
448	1.202
449	1.737
451	1.637
452	1.404
453	1.955
454	1.949
455	2.217
456	1.996
457	1.91
458	1.804
460	1.948
461	1.965
462	2.101
463	1.716
465	1.895
466	2.035
467	1.955
468	2.105
471	2.085
472	2.008
473	2.438
474	2.049
475	1.923
476	2.126
477	1.874
478	1.604
479	1.926
480	1.851
481	1.745
482	1.687
483	2.051
484	1.696
485	1.634
486	1.731
487	1.835
489	1.827
490	1.549
491	2.095
492	1.949
493	2.011
494	2.013
497	1.993
498	2.077
499	2.076
500	1.71
501	2.059
502	1.99
503	2.067
504	2.482
505	1.727
506	1.921
509	1.987
510	1.645
511	2.099
513	1.978
514	2.216
517	2.165
518	2.019
521	2.012
522	1.769
523	1.711
524	2.046
525	1.866
526	1.981
527	1.956
531	2.023
532	2.225
533	1.679
534	1.754
535	1.886
536	1.748
537	2.06
539	1.728
540	1.79
541	2.526
542	1.71
544	1.966
545	2.236
546	1.886
547	1.756
548	2.34
549	2.041
551	1.996
554	1.79
555	1.96
557	1.975
558	1.863
560	2.134
562	1.96
563	1.966
567	1.691
568	2.103
569	1.915
570	1.667
572	1.647
573	1.645
574	1.903
575	1.69
576	1.793
577	2.184
578	1.797
579	1.754
580	1.677
581	2.056
582	2.117
584	1.768
585	1.882
586	2.433
587	2.128
588	2.322
590	1.912
592	2.067
593	1.708
596	1.784
598	1.921
599	1.895
600	2.188
601	1.985
603	2.139
605	1.87
608	1.904
609	1.751
610	1.955
611	2.038
612	1.757
613	1.483
614	1.753
615	1.855
616	2.025
617	1.883
618	1.803
621	2.049
622	1.896
623	1.705
624	1.854
625	1.96
626	2.305
627	1.897
628	2.324
629	2.092
630	1.85
631	1.977
632	2.192
633	1.837
634	1.751
636	1.826
637	1.732
639	1.803
643	2.009
644	1.778
645	1.979
646	1.701
647	2.319
649	1.778
650	1.961
652	2.184
653	1.821
654	2.046
655	1.649
656	2.143
658	2.759
660	2.108
661	1.896
1003	1.781
1004	1.79
1006	1.822
1007	1.756
1008	1.771
1009	1.763
1010	1.973
1011	2.034
1012	1.873
1013	1.872
1014	1.767
1015	1.965
1016	1.749
1017	1.721
1019	1.742
1020	1.705
1022	1.388
1023	1.952
1026	2.015
1027	1.707
1030	1.617
1031	1.8
1032	1.729
1033	1.825
1035	2.124
1037	2.065
1038	2.018
1039	1.866
1042	2.118
1043	1.605
1044	1.947
1045	1.979
1046	1.928
1047	2.133
1048	2.03
1049	1.853
1050	1.858
1052	2.025
1054	1.781
1055	2.166
1056	1.556
1059	1.889
1061	2.093
1062	2.067
1063	1.992
1064	1.586
1065	1.719
1066	1.757
1067	1.762
1069	1.941
1070	1.921
1071	1.824
1072	1.92
1073	1.843
1074	1.9
1075	1.901
1076	1.996
1078	1.715
1079	1.819
1080	1.578
1082	1.955
1083	1.845
1084	2.286
1085	1.73
1086	1.649
1087	1.998
1088	2.346
1089	1.735
1090	1.71
1091	1.611
1093	1.917
1095	2.326
1098	1.977
1099	1.827
1101	2.157
1102	1.95
1104	1.982
1105	1.827
1108	1.789
1109	1.84
1110	2.209
1112	2.453
1115	2.057
1116	2.004
1117	1.847
1118	1.933
1120	1.832
1122	1.683
1123	1.918
1124	1.577
1125	2.231
1126	1.809
1129	1.887
1132	1.955
1135	1.88
1136	1.684
1138	1.848
1139	1.969
1141	1.639
1142	1.706
1143	1.839
1146	1.881
1147	1.73
1148	1.869
1150	1.699
1151	1.7
1152	2.143
1153	1.749
1156	2.098
1159	2.037
1160	1.854
1162	1.858
1163	1.649
1164	1.843
1165	2.181
1167	2.197
1168	1.896
1169	2.009
1170	1.754
1171	2.053
1172	1.79
1174	1.74
1175	1.807
1178	1.773
1179	1.912
1180	2.05
1181	1.855
1182	1.955
1183	2.056
1185	2.493
1188	1.835
1189	1.869
1191	2.163
1192	1.789
1193	1.933
1194	1.948
1195	2.029
1196	1.788
1197	1.785
1200	1.813
1201	1.598
1202	1.616
1203	1.692
1204	1.786
1206	1.825
1207	1.643
1208	1.536
1209	1.951
1211	2.071
1213	1.738
1214	1.682
1216	1.758
1217	2.03
1219	1.907
1220	2.094
1221	1.866
1222	1.691
1223	1.92
1224	1.738
1225	2.175
1226	1.764
1229	1.811
1230	1.794
1231	1.821
1232	2.108
1234	2.019
1235	1.798
1236	1.9
1237	1.658
1238	1.788
1241	1.742
1242	1.9
1243	1.876
1244	1.769
1245	1.927
1246	1.867
1247	2.169
1248	1.95
1249	2.01
1250	1.655
1251	2.065
1252	1.792
1254	1.858
1256	1.772
1257	2.089
1258	1.949
1260	1.887
1261	1.906
1262	1.728
1263	1.982
1264	1.919
1265	1.977
1267	1.741
1269	1.632
1270	1.703
1271	2.073
1273	1.498
1274	1.807
1275	1.709
1276	2.069
1277	1.676
1278	1.87
1279	2.622
1281	1.724
1282	1.785
1283	1.873
1286	1.841
1287	1.636
1288	2.224
1290	1.874
1291	1.73
1293	1.731
1294	1.878
1296	1.778
1298	1.704
1299	1.642
1300	1.698
1301	2.18
1302	1.823
1303	2.184
1305	1.712
1306	1.884
1307	2.235
1308	2.045
1309	1.887
1310	1.754
1311	1.702
1312	2.189
1313	1.761
1314	2.51
1315	1.723
1316	1.642
1317	1.714
1318	1.979
1319	1.961
1321	1.646
1322	1.763
1323	1.778
1324	1.753
1325	1.736
1326	2.413
1327	1.827
1330	2.393
1332	1.71
1334	1.871
1336	2.096
1337	2.082
1341	2.596
1342	1.881
1343	1.68
1344	1.977
1345	1.908
1346	1.767
1347	2.266
1348	1.741
1349	1.8
1351	2.119
1352	2.13
1354	1.937
1355	2.013
1356	1.916
1359	1.765
1360	1.921
1361	1.804
1362	1.752
1364	1.753
1365	1.741
1366	1.872
1370	1.882
1371	1.876
1372	1.59
1373	1.794
1374	1.547
1375	1.918
1379	2.189
1381	2.27
1382	1.751
1386	1.557
1387	2.199
1389	1.746
1390	1.58
1391	2.08
1393	1.848
1394	1.933
1395	2.006
1397	1.973
1398	1.955
1399	1.93
1400	1.728
1401	2.071
1402	1.937
1403	1.521
1405	1.987
1406	2.115
1407	1.844
1410	1.95
1411	1.872
1412	1.757
1415	1.952
1416	1.969
1418	1.981
1419	1.526
1420	2.079
1421	1.941
1422	1.729
1423	1.886
1424	2.001
1425	1.677
1427	1.716
1428	1.708
1429	1.697
1431	1.7
1433	1.564
1434	2.078
1435	1.901
1438	1.909
1439	1.728
1440	1.622
1441	1.989
1443	1.877
1444	1.874
1445	1.729
1446	1.814
1447	1.675
1448	1.799
1451	1.802
1452	1.898
1453	1.967
1454	1.749
1456	1.702
1459	1.72
1460	1.857
1461	2.155
1462	1.65
1463	1.997
1466	1.866
1467	1.955
1468	1.862
1469	1.74
1470	1.99
1471	1.633
1473	1.589
1474	2.023
1476	1.913
1477	1.865
1483	1.899
1484	2.023
1485	1.865
1486	1.887
1487	1.759
1488	1.885
1489	1.656
1490	1.746
1491	1.839
1492	2.019
1493	1.741
1494	2.203
1495	1.883
1496	2.039
1498	1.569
1499	2.085
1500	1.848
1501	1.664
1503	1.706
1504	1.908
1505	1.792
1506	1.961
1507	1.949
1510	2.106
1511	2.245
1512	2.127
1514	2.128
1515	1.634
1516	1.865
1517	1.935
1518	1.716
1522	2
1524	1.786
1526	1.646
1527	1.612
1528	1.739
1529	1.852
1530	1.655
1531	1.907
1532	2.01
1533	2.023
1534	1.838
1535	1.602
1536	1.911
1537	1.502
1538	2.053
1539	2.175
1540	1.963
1541	1.999
1542	2.059
1543	2.341
1544	1.788
1545	1.799
1546	1.899
1547	2.539
1548	1.981
1550	1.734
1552	1.978
1555	1.841
1556	1.643
1558	1.996
1559	1.912
1560	1.634
1562	1.479
1564	1.965
1565	2.008
1567	1.905
1569	2.282
1572	1.72
1573	1.745
1574	1.893
1575	2.222
1576	1.597
1577	1.966
1578	2.308
1579	1.943
1580	1.975
1581	1.906
1582	1.717
1584	1.589
1585	1.629
1586	1.747
1587	1.949
1588	1.869
1589	1.7
1590	1.936
1591	1.932
1592	1.98
1595	1.913
1596	2.222
1597	1.983
1600	1.789
1602	1.791
1603	2.427
1605	1.947
1606	2.022
1607	1.915
1608	1.863
1609	1.762
1610	1.943
1611	1.8
1612	2.284
1613	1.95
1614	1.656
1615	2.02
1616	2.189
1617	1.913
1618	1.892
1619	2.194
1622	2.052
1624	2.189
1625	1.903
1627	2.273
1628	1.85
